1 1 1
1 2 1
2 1 1
3 1 3
3 2 2
3 3 2
3 4 2
4 2 3
4 3 1
4 4 2
5 1 2
5 2 2
5 3 2
6 2 1
6 3 9
6 4 3
6 5 12
6 6 16
6 7 18
6 8 9
6 9 6
6 10 12
6 11 11
6 12 5
6 13 11
6 14 9
6 15 8
6 16 12
6 17 14
6 18 16
6 19 7
6 20 5
6 21 7
6 22 9
6 23 12
6 24 11
6 25 1
7 1 1
7 2 2
8 1 2
8 2 3
9 1 10
9 2 7
9 3 5
9 4 8
9 5 8
9 6 6
9 7 2
9 8 3
9 9 2
9 10 7
9 11 12
9 12 11
9 13 5
9 14 7
9 15 7
9 16 4
10 1 6
10 2 1
10 3 11
10 5 8
10 6 2
10 7 4
10 8 6
10 9 7
10 10 10
10 12 7
10 13 9
10 14 1
10 16 13
10 17 3
10 18 13
10 19 9
11 2 1
12 1 16
12 3 18
12 4 11
12 5 9
12 6 9
12 7 8
12 8 9
12 9 14
12 10 8
12 11 3
12 12 8
12 13 7
12 14 14
12 15 7
12 16 9
12 17 21
12 18 12
13 1 21
13 2 23
13 3 5
13 4 17
13 5 9
13 6 4
13 7 22
13 8 14
13 9 11
13 10 2
13 11 4
13 12 9
13 13 14
13 14 8
13 15 5
13 16 17
13 17 23
13 18 15
13 19 1
13 20 8
13 21 12
14 1 20
14 2 1
14 3 10
14 4 11
14 5 12
14 6 15
14 7 4
14 8 16
14 9 17
14 10 7
14 11 23
14 12 2
14 13 9
14 14 23
14 15 16
14 16 18
14 17 14
15 1 1
15 2 1
15 3 2
15 4 2
16 2 1
17 1 18
17 2 14
17 3 5
17 4 16
17 6 3
17 7 9
17 8 6
17 9 16
17 10 18
17 12 9
17 13 4
17 14 11
17 15 14
17 16 16
17 17 1
17 18 7
17 19 3
17 20 12
17 21 16
17 22 17
17 23 3
18 3 3
18 4 1
18 5 2
18 6 4
18 7 1
19 1 10
19 2 12
19 3 6
19 4 13
19 5 4
19 6 5
19 7 11
19 8 8
19 9 7
19 10 6
19 11 2
19 12 10
19 13 3
19 14 1
19 15 2
19 16 9
19 17 8
20 1 7
20 2 16
20 3 11
20 4 14
20 5 1
20 6 7
20 9 5
20 10 8
20 11 1
20 12 1
20 13 8
20 14 17
20 15 9
20 16 17
20 18 4
20 19 14
20 20 3
20 21 3
20 22 9
20 23 15
21 1 10
21 2 3
21 3 3
21 4 5
21 5 1
21 6 6
21 7 8
21 8 4
21 9 10
21 10 11
21 11 15
21 12 13
21 14 16
21 16 6
21 17 14
21 18 5
21 19 13
21 20 4
21 21 3
21 22 7
21 23 3
22 1 1
22 2 8
22 4 7
22 5 7
22 6 6
22 7 1
22 8 2
22 10 1
23 1 13
23 2 13
23 3 4
23 4 3
23 5 3
23 6 11
23 7 12
23 8 7
23 9 4
23 10 13
23 11 10
23 12 2
23 13 11
23 14 2
24 3 1
24 4 1
25 1 15
25 2 5
25 3 1
25 4 24
25 5 10
25 6 1
25 7 3
25 9 7
25 10 9
25 11 26
25 12 21
25 13 9
25 14 3
25 15 21
25 16 22
25 17 13
25 18 17
25 19 5
25 20 1
25 21 17
25 22 12
25 23 10
25 24 22
25 25 24
25 26 7
25 27 15
26 1 1
26 2 2
26 3 1
26 4 1
26 5 1
27 1 6
27 2 13
27 3 10
27 4 1
27 5 11
27 6 12
27 7 3
27 8 3
27 9 11
27 10 6
27 11 12
27 12 5
27 13 12
27 14 11
27 15 6
27 16 3
28 1 4
28 2 6
28 3 1
28 4 5
28 5 5
28 6 4
28 7 5
28 8 2
29 1 2
29 2 9
29 3 19
29 4 8
29 5 21
29 6 10
29 7 22
29 8 20
29 9 14
29 10 1
29 11 22
29 12 22
29 13 4
29 14 20
29 15 16
29 16 2
29 17 7
29 18 19
29 19 12
29 20 9
29 21 6
29 22 18
29 23 17
30 1 8
30 2 5
30 3 6
30 4 10
30 5 8
30 6 6
30 8 1
30 10 1
30 11 2
30 12 2
30 13 4
30 14 10
30 15 5
31 1 2
31 2 8
31 3 11
31 4 2
31 5 18
31 6 2
31 7 3
31 8 6
31 9 5
31 10 1
31 11 7
31 12 12
31 13 9
31 14 13
31 15 14
31 16 10
31 17 7
31 18 9
31 19 15
31 20 5
31 21 9
31 22 1
31 23 16
31 24 18
32 1 1
32 2 9
32 3 10
32 4 2
32 5 1
32 6 12
32 7 11
32 8 7
32 9 4
32 10 4
32 11 13
32 12 8
32 13 7
32 14 1
32 15 13
32 16 6
32 17 6
32 18 1
32 19 3
33 2 18
33 3 8
33 4 6
33 5 4
33 6 4
33 7 11
33 8 6
33 9 10
33 11 4
33 12 9
33 13 18
33 14 20
33 15 5
33 16 1
33 17 11
33 18 8
33 19 3
34 2 11
34 3 12
34 4 1
34 5 11
34 6 5
34 7 6
34 8 18
34 9 3
34 11 9
34 12 17
34 13 8
34 14 13
34 15 20
34 16 11
34 17 21
34 18 22
34 19 16
34 20 11
34 21 5
34 22 1
34 23 6
34 24 1
34 25 6
34 26 18
34 27 17
35 1 7
35 2 8
35 3 2
35 4 9
35 5 8
35 6 10
35 7 2
35 8 9
35 9 3
35 10 7
35 11 2
35 13 4
35 14 7
35 15 16
35 16 14
35 17 11
35 18 11
35 19 4
36 2 3
36 3 4
36 4 3
36 5 9
36 6 11
36 7 8
36 8 5
36 9 8
36 10 3
36 11 2
36 12 10
36 13 11
36 14 12
36 15 12
36 16 5
37 1 2
37 2 1
37 3 3
37 4 2
38 1 3
38 2 10
38 3 14
38 4 1
38 5 11
38 6 6
38 7 1
38 8 5
38 9 10
38 10 12
38 11 8
38 12 15
38 13 7
38 14 10
38 15 4
38 16 12
38 17 14
38 18 7
38 19 6
38 20 7
38 21 1
38 22 10
38 23 14
38 24 14
39 1 13
39 2 1
39 3 10
39 4 5
39 6 2
39 7 1
39 8 6
39 9 11
39 10 10
39 11 7
39 13 9
39 14 5
39 15 10
39 16 12
40 1 19
40 2 19
40 3 14
40 4 9
40 5 18
40 6 1
40 7 11
40 8 23
40 9 9
40 10 4
40 11 15
40 12 6
40 13 11
40 14 2
40 15 17
40 16 21
40 17 6
40 18 19
40 19 2
40 20 4
40 21 4
40 22 3
40 23 1
40 24 4
40 25 3
40 26 8
41 1 11
41 3 8
41 4 4
41 5 4
41 6 3
41 7 3
41 8 8
41 9 12
41 10 13
41 11 10
41 12 5
42 1 16
42 2 8
42 3 5
42 4 21
42 5 19
42 6 16
42 7 19
42 8 5
42 9 20
42 10 18
42 11 8
42 12 14
42 13 2
42 14 1
42 15 20
42 16 6
42 17 19
42 18 17
42 19 12
42 20 11
42 21 15
42 22 15
42 23 11
42 24 5
42 25 4
42 26 4
42 27 7
42 28 11
43 3 5
43 4 3
43 5 5
43 6 2
43 7 1
43 8 1
44 1 6
44 2 12
44 4 20
44 5 15
44 6 13
44 7 10
44 8 18
44 9 9
44 10 2
44 11 18
44 12 6
44 13 2
44 14 5
44 15 6
44 16 18
44 17 9
44 18 17
44 19 10
44 20 3
44 21 10
45 1 3
46 1 3
46 2 1
47 1 1
47 2 11
47 3 19
47 4 9
47 5 1
47 6 14
47 7 11
47 8 15
47 9 15
47 10 9
47 11 17
47 12 1
47 13 15
47 14 18
47 15 12
47 16 18
47 17 4
47 18 10
47 19 16
48 1 9
48 2 12
48 3 13
48 4 3
48 5 19
48 6 3
48 7 13
48 8 17
48 9 9
48 10 8
48 11 13
48 12 8
48 13 9
48 14 11
48 15 20
48 16 8
48 17 14
48 18 6
48 19 7
48 20 20
48 21 15
48 22 16
48 23 10
48 24 11
48 26 7
48 27 6
49 1 7
49 2 2
49 3 12
49 4 5
49 5 9
49 6 5
49 7 9
49 8 10
49 9 2
49 10 8
49 12 1
49 13 10
49 14 3
49 15 8
49 16 10
49 17 1
49 18 6
50 1 12
50 2 15
50 3 11
50 4 14
50 5 15
50 7 4
50 8 8
50 9 15
50 10 2
50 11 4
50 12 13
50 13 4
50 15 2
50 16 5
50 17 15
50 19 12
50 20 13
51 1 4
51 2 9
51 3 1
51 4 20
51 5 21
51 6 20
51 7 10
51 8 22
51 9 13
51 10 3
51 11 7
51 13 22
51 14 11
51 15 8
51 16 4
51 17 21
51 18 23
51 19 20
51 20 13
51 21 11
51 22 12
51 23 17
51 24 15
52 1 1
52 3 1
52 4 5
52 5 2
52 6 4
52 7 6
52 9 9
52 10 1
52 11 8
52 12 8
52 14 1
52 15 6
52 16 2
52 17 7
52 19 9
52 20 12
52 21 3
52 22 5
52 23 10
52 25 2
53 1 5
53 2 17
53 3 19
53 4 9
53 5 14
53 6 10
53 7 15
53 8 17
53 9 5
53 10 7
53 11 8
53 12 10
53 13 11
53 14 11
53 15 9
53 16 8
53 17 13
53 18 19
53 19 4
53 20 6
53 21 11
53 22 3
53 23 17
54 1 12
54 2 3
54 3 3
54 4 7
54 5 14
54 6 7
54 8 1
54 9 13
54 10 3
54 11 5
54 12 3
54 13 3
54 15 2
54 16 7
55 1 8
55 2 5
55 3 1
55 4 10
55 5 14
55 6 1
55 7 9
55 8 10
55 9 1
55 10 6
55 11 10
55 12 2
55 13 16
55 14 14
55 15 9
55 16 19
55 17 3
55 18 15
55 19 18
55 20 11
55 21 14
55 23 8
55 24 8
55 26 19
55 27 12
56 1 3
56 2 2
56 3 4
56 5 5
56 7 4
56 8 2
57 1 24
57 2 17
57 3 13
57 4 25
57 5 9
57 6 25
57 7 12
57 8 19
57 9 10
57 10 5
57 11 8
57 12 23
57 13 8
57 14 9
57 15 22
57 16 14
57 17 21
57 18 21
57 19 4
57 21 18
57 22 4
57 23 1
57 24 10
57 25 5
57 26 24
57 27 18
57 28 16
57 29 24
57 30 24
58 2 13
58 4 7
58 5 10
58 6 3
58 7 7
58 8 1
58 9 14
58 10 2
58 11 7
58 12 14
58 13 3
58 14 3
58 15 2
58 16 6
58 17 8
59 1 4
59 2 7
59 3 15
59 4 14
59 5 15
59 6 8
59 7 5
59 8 1
59 9 9
59 10 12
59 11 9
59 12 12
59 13 13
59 14 3
59 15 11
59 16 15
59 17 2
59 18 13
59 19 12
60 1 7
60 2 16
60 3 20
60 4 3
60 5 18
60 6 23
60 7 16
60 8 6
60 9 8
60 10 2
60 11 21
60 12 7
60 13 20
60 14 15
60 15 10
60 16 23
60 17 12
60 18 16
60 19 10
60 20 21
60 21 7
60 22 26
60 23 16
60 24 9
60 25 25
60 26 13
61 1 2
61 2 4
61 3 8
61 4 1
61 5 6
61 6 9
61 7 8
61 8 2
61 9 8
62 1 2
62 2 5
62 3 3
62 4 6
62 5 4
62 6 2
62 7 3
62 8 3
62 9 9
62 10 7
62 11 8
62 12 8
62 13 3
63 1 1
63 3 8
63 4 3
63 6 10
63 7 1
63 8 3
63 9 4
63 10 8
63 11 9
63 13 2
63 14 1
63 15 3
63 16 6
64 1 2
64 2 4
64 3 16
64 4 8
64 6 9
64 7 13
64 8 17
64 9 18
64 10 12
64 11 16
64 12 7
64 13 12
64 14 19
64 15 17
64 16 12
64 17 9
64 18 3
64 19 13
64 20 14
64 21 2
64 22 1
64 23 16
64 24 12
64 25 1
64 26 13
64 27 19
64 28 15
64 29 1
66 1 6
66 2 26
66 3 17
66 4 15
66 5 26
66 6 19
66 7 27
66 8 5
66 9 15
66 10 6
66 11 15
66 12 27
66 13 18
66 14 3
66 15 1
66 16 14
66 17 26
66 18 6
66 19 13
66 20 25
66 21 27
66 22 5
66 23 7
66 24 28
66 25 13
66 26 20
66 27 15
68 1 19
68 2 6
68 3 26
68 4 27
68 6 22
68 7 21
68 8 21
68 9 1
68 10 21
68 11 20
68 12 10
68 13 19
68 14 17
68 15 16
68 16 15
68 17 11
68 18 15
68 19 2
68 20 21
68 21 8
68 22 14
68 23 20
68 24 15
68 25 22
68 26 12
69 1 24
69 2 1
69 3 26
69 4 4
69 5 2
69 6 17
69 7 15
69 8 18
69 9 24
69 10 5
69 11 24
69 12 7
69 13 10
69 14 12
69 15 19
69 16 19
69 17 19
69 18 4
69 19 15
69 20 25
69 21 2
69 22 25
69 23 9
69 24 1
69 25 18
69 26 14
69 27 3
69 28 12
70 1 17
70 2 4
70 3 10
70 4 8
70 5 6
70 6 14
70 7 13
70 8 6
70 9 9
70 10 2
70 11 9
70 12 2
70 13 1
70 14 11
70 15 10
70 16 1
71 1 10
71 2 3
71 3 8
71 4 9
71 5 6
71 6 5
71 7 5
71 8 7
71 9 8
71 10 2
71 11 12
71 12 10
71 13 8
71 14 4
71 15 9
71 16 12
71 17 2
71 18 3
71 19 10
71 20 1
72 1 26
72 2 27
72 3 10
72 4 6
72 5 10
72 6 27
72 7 25
72 8 27
72 9 15
72 10 8
72 11 5
72 12 14
72 13 10
72 14 1
72 15 11
72 16 25
72 17 21
72 18 19
72 19 5
72 20 17
72 21 16
72 22 2
72 23 20
72 24 4
72 25 5
72 26 12
72 27 14
72 28 3
72 29 15
73 1 13
73 2 12
73 3 3
73 4 6
73 5 12
73 6 10
73 7 8
73 8 12
73 10 10
73 12 7
73 13 4
73 14 12
73 15 8
73 16 3
73 17 13
73 18 9
74 1 8
74 2 12
74 4 4
74 5 14
74 6 10
74 8 3
74 9 9
74 11 12
74 12 1
74 13 11
74 14 11
74 15 5
74 16 7
74 17 9
74 18 16
74 19 16
74 20 2
75 1 9
75 2 16
75 3 8
75 5 15
75 6 3
75 7 3
75 8 9
75 9 10
75 10 9
75 11 14
75 12 5
75 13 6
75 14 6
75 15 11
75 16 15
76 3 2
76 4 9
76 5 5
76 6 10
76 7 8
76 8 9
76 9 8
77 1 1
77 2 1
77 3 4
77 4 3
77 5 2
78 1 1
78 2 5
78 3 3
78 4 3
78 5 7
78 7 4
78 8 5
78 10 6
80 1 14
80 2 8
80 3 16
80 4 6
80 5 18
80 6 14
80 7 14
80 8 5
80 9 17
80 10 1
80 11 7
80 13 8
80 14 13
80 17 15
80 18 8
80 19 14
80 20 3
80 21 3
80 22 18
80 23 2
80 24 16
81 1 9
81 2 10
81 3 4
81 4 1
81 5 5
81 6 4
81 7 9
81 8 10
81 9 6
81 12 3
81 13 11
81 14 9
82 1 6
82 2 6
82 3 18
82 4 13
82 5 8
82 6 8
82 7 10
82 9 10
82 10 15
82 11 11
82 12 7
82 13 15
82 14 17
82 15 11
82 16 19
82 17 16
82 18 15
82 19 17
82 20 18
82 21 20
82 22 12
82 23 10
83 2 12
83 3 7
83 4 18
83 5 4
83 7 14
83 8 16
83 9 9
83 10 16
83 11 16
83 12 11
83 13 12
83 14 4
83 15 10
83 16 7
83 17 12
83 18 11
83 20 3
83 21 3
83 22 10
83 23 4
83 24 6
83 25 1
83 26 17
83 27 12
83 29 12
83 30 3
84 1 18
84 4 5
84 5 15
84 6 15
84 7 13
84 8 24
84 9 1
84 10 15
84 11 2
84 12 26
84 13 19
84 14 10
84 15 10
84 16 10
84 17 24
84 18 10
84 19 11
84 20 25
84 21 11
84 22 18
84 23 16
84 24 18
85 1 2
85 2 13
85 3 12
85 4 5
85 5 2
85 6 6
85 7 3
85 8 5
85 9 4
85 10 8
85 11 13
85 12 10
85 13 7
85 14 5
86 1 3
86 2 4
86 3 2
86 4 1
86 5 12
86 6 13
86 7 7
86 8 9
86 9 3
86 10 8
86 11 6
86 12 9
86 13 3
86 14 4
86 15 8
86 16 5
86 17 4
86 18 9
86 20 14
86 21 13
87 1 9
87 2 6
87 3 11
87 4 6
87 5 12
87 6 4
87 7 10
87 8 12
87 9 4
87 10 7
87 11 1
87 12 9
87 14 8
87 15 1
87 16 6
87 17 11
88 1 13
88 2 7
88 4 9
88 5 12
88 6 5
88 7 6
88 8 12
88 9 2
88 10 2
88 11 13
88 12 1
88 14 6
88 15 1
88 16 12
88 18 13
88 19 6
88 20 9
88 21 2
88 22 9
89 1 23
89 2 4
89 3 15
89 4 5
89 5 2
89 6 8
89 8 22
89 9 6
89 10 1
89 11 12
89 12 4
89 13 12
89 14 23
89 15 24
89 16 20
89 17 11
89 18 6
89 19 13
89 20 5
89 21 20
89 22 11
89 23 14
89 24 22
89 25 22
89 26 13
90 1 10
90 2 12
90 3 4
90 5 7
90 7 5
90 8 7
90 9 10
90 10 6
90 11 9
90 12 12
90 13 12
90 14 5
90 15 13
90 16 4
90 17 5
90 18 8
90 19 6
90 20 4
90 21 9
90 22 7
91 1 4
91 2 6
91 3 12
91 4 13
91 5 1
91 6 2
91 7 2
91 8 2
91 9 10
91 10 9
91 11 10
91 12 9
91 13 14
91 14 11
91 15 10
91 16 8
92 1 13
92 2 4
92 3 6
92 4 11
92 5 14
92 6 5
92 7 9
92 8 16
92 9 7
92 10 17
92 11 11
92 12 18
92 13 7
92 14 8
92 15 8
92 16 16
92 17 13
92 18 8
92 19 5
93 1 12
93 2 7
93 4 4
93 5 13
93 6 3
93 7 14
93 8 22
93 9 17
93 10 6
93 11 22
93 12 21
93 13 13
93 14 14
93 15 15
93 16 12
93 17 16
93 18 13
93 19 14
93 20 21
93 21 7
93 22 10
94 1 10
94 2 16
94 3 2
94 4 1
94 5 1
94 6 9
94 7 22
94 8 12
94 9 3
94 10 1
94 11 1
94 12 18
94 13 23
94 14 17
94 15 7
94 16 2
94 17 11
94 18 17
94 19 10
94 20 4
94 21 21
94 22 18
94 23 22
94 24 7
95 1 1
95 2 8
95 3 8
95 4 3
95 5 6
95 6 15
95 7 4
95 8 12
95 9 14
95 10 1
95 12 1
95 13 2
95 14 11
95 15 11
96 1 5
96 2 9
96 4 9
96 5 8
96 6 10
96 8 5
96 9 7
96 10 2
96 11 9
96 12 10
96 13 7
96 14 1
97 1 7
97 2 20
97 3 13
97 4 19
97 5 12
97 6 2
97 7 12
97 8 9
97 9 13
97 10 22
97 11 1
97 12 4
97 13 1
97 14 8
97 15 6
97 16 15
97 17 7
97 18 3
97 19 5
97 20 21
97 21 6
97 22 20
98 1 16
98 2 16
98 3 2
98 4 12
98 5 12
98 6 11
98 7 2
98 8 4
98 9 4
98 10 17
98 11 17
98 12 17
98 13 8
98 14 14
98 15 1
98 16 6
98 17 11
98 18 2
98 21 14
98 22 11
99 1 2
99 2 4
99 4 2
99 5 3
100 1 19
100 2 12
100 3 28
100 4 3
100 5 12
100 6 20
100 7 22
100 8 11
100 9 21
100 10 25
100 11 6
100 12 17
100 13 23
100 14 17
100 15 28
100 16 19
100 17 20
100 18 11
100 19 29
100 20 24
100 21 10
100 22 3
100 23 20
100 24 14
100 25 10
100 26 25
100 27 9
100 28 24
100 29 7
101 1 3
101 3 4
101 4 5
101 5 1
101 6 4
101 7 3
101 8 3
102 1 1
102 2 13
102 3 3
102 4 12
102 5 2
102 6 8
102 7 12
102 8 4
102 9 12
102 10 2
102 11 7
102 12 14
102 13 13
103 1 7
103 2 19
103 3 6
103 4 15
103 5 1
103 6 6
103 7 8
103 8 1
103 9 20
103 10 4
103 11 3
103 12 22
103 13 7
103 14 10
103 15 8
103 16 13
103 17 7
103 18 10
103 19 18
103 20 19
103 21 6
103 22 13
103 23 21
103 24 16
103 25 1
103 26 5
104 1 9
104 2 5
104 3 2
104 4 2
104 5 11
104 6 7
104 7 12
104 8 11
104 9 2
104 10 2
104 11 8
104 12 8
104 13 8
104 14 10
105 1 5
105 2 1
105 3 7
105 4 5
105 5 2
105 6 5
105 7 6
105 8 8
105 9 7
105 10 5
105 11 4
105 12 5
105 13 7
105 14 5
105 15 6
105 16 8
105 17 4
106 1 5
106 2 4
106 3 7
106 4 9
106 5 7
106 6 6
106 7 2
106 8 13
106 9 10
106 10 2
106 11 7
106 12 8
106 13 13
106 14 13
106 15 8
106 17 2
107 1 12
107 2 20
107 3 5
107 4 1
107 5 7
107 7 15
107 8 2
107 9 18
107 10 21
107 11 20
107 12 12
107 13 12
107 14 8
107 15 12
107 17 11
107 18 14
107 19 2
107 20 4
107 21 4
107 22 16
107 23 10
107 24 19
107 25 14
107 26 14
107 27 13
107 28 2
107 29 16
107 30 14
108 1 3
108 2 1
108 4 1
108 5 17
108 6 12
108 7 11
108 8 1
108 9 13
108 11 6
108 12 18
108 13 6
108 14 7
108 15 2
108 16 10
108 17 14
108 18 10
108 19 16
108 20 3
108 21 15
108 22 3
108 23 1
108 24 7
109 1 12
109 2 12
109 3 2
109 4 9
109 5 15
109 6 2
109 7 10
109 8 15
109 9 10
109 10 8
109 11 18
109 12 2
109 13 6
109 14 15
109 16 9
109 17 15
109 18 18
109 19 14
109 20 8
109 21 1
109 22 7
109 23 6
110 1 1
110 2 7
110 3 2
110 4 5
110 5 5
110 7 6
111 1 11
111 2 8
111 3 9
111 4 12
111 5 6
111 6 5
111 7 6
111 8 6
111 9 12
111 10 9
111 13 7
111 14 9
111 15 11
112 1 21
112 2 17
112 3 5
112 4 13
112 5 12
112 6 20
112 7 10
112 8 3
112 9 12
112 10 6
112 12 18
112 13 20
112 14 3
112 15 1
112 16 7
112 17 22
112 18 6
112 19 6
112 20 6
112 21 22
112 22 4
112 23 10
112 24 1
112 25 8
112 26 4
112 27 3
113 1 2
113 3 2
113 4 1
113 5 2
113 6 5
114 1 21
114 2 2
114 3 14
114 4 22
114 5 10
114 6 11
114 7 6
114 8 10
114 9 4
114 10 15
114 11 14
114 12 16
114 13 17
114 14 10
114 15 20
114 16 3
114 17 3
114 18 19
114 19 19
114 20 16
114 21 18
114 22 15
114 23 5
114 24 4
114 25 9
114 26 21
115 1 4
115 2 1
115 3 8
115 4 1
115 6 5
115 7 1
115 9 3
115 10 2
116 2 1
116 3 2
116 6 4
117 1 4
117 2 13
117 3 20
117 4 20
117 5 1
117 6 3
117 7 5
117 8 11
117 9 13
117 10 19
117 11 18
117 12 3
117 13 12
117 14 12
117 15 4
117 16 12
117 17 6
117 18 12
117 19 17
117 20 13
117 21 3
117 22 12
118 1 3
118 2 7
118 3 1
118 4 8
118 5 2
118 6 9
118 7 8
118 8 2
118 9 5
118 10 9
118 11 3
118 13 6
118 14 6
118 15 5
118 16 2
119 1 1
119 2 6
119 3 22
119 4 17
119 5 21
119 6 10
119 8 18
119 9 16
119 11 13
119 12 15
119 13 2
119 14 20
119 15 1
119 16 8
119 17 12
119 18 17
119 19 11
119 20 19
119 21 14
119 23 3
119 24 4
119 25 2
119 26 17
119 27 8
119 28 2
120 1 5
120 2 6
120 3 8
120 5 6
120 6 5
120 7 3
120 8 8
120 10 6
121 1 9
121 3 4
121 4 22
121 5 12
121 6 8
121 7 15
121 8 17
121 9 6
121 10 1
121 11 11
121 12 7
121 13 13
121 14 3
121 15 8
121 16 17
121 17 3
121 18 3
122 2 2
122 3 14
122 4 2
122 5 13
122 6 1
122 7 8
122 9 13
122 10 10
122 11 15
122 12 11
122 13 4
122 14 12
122 15 15
122 16 1
122 17 4
122 18 14
122 19 14
122 20 15
122 21 8
122 22 12
122 23 15
122 25 14
122 26 5
123 1 7
123 2 6
123 3 4
123 4 14
123 5 15
123 6 14
123 7 20
123 8 8
123 9 4
123 10 3
123 11 21
123 12 1
123 13 13
123 14 12
123 15 2
123 16 22
123 17 21
123 18 3
123 19 5
123 20 9
123 21 19
123 22 21
123 23 2
124 1 1
124 2 1
125 1 7
125 2 4
125 3 22
125 4 17
125 5 15
125 6 14
125 7 25
125 8 3
125 9 4
125 10 3
125 11 16
125 12 24
125 13 17
125 14 7
125 15 24
125 17 21
125 18 11
125 19 5
125 20 5
125 21 24
125 22 4
125 23 5
125 24 6
125 25 21
126 1 13
126 2 3
126 3 7
126 4 9
126 5 5
126 6 5
126 7 2
126 8 2
126 9 1
126 10 10
126 11 7
126 12 11
126 13 6
126 14 14
127 1 15
127 2 19
127 3 23
127 4 5
127 5 21
127 6 23
127 7 15
127 8 17
127 10 23
127 11 25
127 12 18
127 13 22
127 14 1
127 15 15
127 16 15
127 17 15
127 18 2
127 19 17
127 20 16
127 21 7
127 22 24
127 23 7
127 24 16
128 1 2
128 2 9
128 3 7
128 4 17
128 5 5
128 6 6
128 7 19
128 8 9
128 9 16
128 10 10
128 11 14
128 12 1
128 13 1
128 14 11
128 15 1
128 16 1
128 17 6
128 18 14
128 20 7
128 21 16
128 22 16
128 23 18
128 24 11
128 25 17
128 26 18
129 1 8
129 2 6
129 3 9
129 4 8
129 5 13
129 6 16
129 7 7
129 8 5
129 9 1
129 10 4
129 11 8
129 12 12
129 14 4
129 15 9
129 16 6
129 17 4
129 18 4
129 19 15
130 1 7
130 2 1
130 3 7
130 4 4
130 5 10
130 6 6
130 7 4
130 8 3
130 9 1
130 10 9
131 1 4
131 2 15
131 3 9
131 4 23
131 5 13
131 6 16
131 7 20
131 8 4
131 9 21
131 10 21
131 11 23
131 12 6
131 13 3
131 14 14
131 15 6
131 16 20
131 17 6
131 18 13
131 19 1
132 1 3
132 2 6
132 3 5
132 4 7
132 5 9
132 6 3
132 7 9
132 8 6
132 9 3
132 10 2
132 11 2
133 1 5
133 2 4
133 3 6
133 4 5
133 5 3
133 6 4
133 7 4
133 8 3
133 9 2
133 10 3
133 11 3
134 1 8
134 2 12
134 3 3
134 4 3
134 5 2
134 6 1
134 8 2
134 9 11
134 10 3
134 11 5
134 12 4
134 13 2
134 14 7
134 15 9
134 16 11
134 17 6
135 1 3
135 2 3
135 3 2
135 4 2
135 5 4
135 6 3
135 7 2
135 8 2
135 10 6
135 11 3
135 12 5
136 1 3
136 2 13
136 3 6
136 4 8
136 5 13
136 6 7
136 7 9
136 8 14
136 9 2
136 10 4
136 11 14
136 12 10
136 13 6
136 14 14
136 15 16
137 1 8
137 2 4
137 3 8
137 4 17
137 5 12
137 6 18
137 7 4
137 8 3
137 9 18
137 10 12
137 11 4
137 12 8
137 13 11
137 14 17
137 15 11
137 16 13
137 17 19
137 18 8
138 1 5
138 2 5
138 3 4
138 4 5
138 5 2
138 6 4
138 7 4
138 9 5
138 10 4
139 1 4
139 2 9
139 3 11
139 4 3
139 5 5
139 6 11
139 7 12
139 8 1
139 9 6
139 10 3
139 11 4
139 12 4
139 13 3
139 14 11
139 15 11
139 16 9
139 17 5
139 18 4
140 1 7
140 3 2
140 4 2
140 5 10
140 6 7
140 7 3
140 8 9
140 9 1
140 10 5
140 11 5
141 1 7
141 2 10
141 3 1
141 4 16
141 5 3
141 6 11
141 7 7
141 8 2
141 9 13
141 10 14
141 11 3
141 12 17
141 13 16
141 14 12
141 15 15
141 16 17
141 17 5
141 19 6
142 1 14
142 3 6
142 4 1
142 6 5
142 7 9
142 8 18
142 9 6
142 10 15
142 11 6
142 12 7
142 13 18
142 14 11
142 15 9
142 16 13
142 17 1
142 18 4
142 19 6
142 20 1
142 21 9
142 22 10
142 23 8
143 1 1
143 4 5
143 5 2
143 7 7
143 9 2
144 1 16
144 2 8
144 3 17
144 4 9
144 5 17
144 6 21
144 7 1
144 8 5
144 9 8
144 10 5
144 11 14
144 12 15
144 13 8
144 14 9
144 15 2
144 16 10
144 17 6
144 18 2
144 19 18
144 20 24
144 21 17
144 22 9
144 23 10
144 24 12
144 25 2
144 26 9
145 1 3
145 2 2
145 3 2
145 4 1
145 5 1
146 1 2
146 2 4
146 3 3
146 4 10
146 5 10
146 6 7
146 7 5
146 8 6
146 9 8
146 11 4
146 12 7
146 13 1
147 1 4
147 2 4
147 3 7
147 4 4
147 5 12
147 7 7
147 8 7
147 9 4
148 1 10
148 2 19
148 3 11
148 4 21
148 5 7
148 6 17
148 7 10
148 8 1
148 9 21
148 10 23
148 11 17
148 12 1
148 13 1
148 14 17
148 16 21
148 17 19
148 18 10
148 19 21
148 20 6
148 21 19
148 22 12
148 23 5
148 24 3
148 25 9
148 26 4
148 27 9
148 28 9
148 29 2
148 30 5
149 2 5
149 3 6
149 4 5
149 5 6
149 6 10
149 7 10
149 8 11
149 9 13
149 10 10
149 11 3
149 12 11
149 13 8
149 14 13
149 15 13
149 16 11
149 17 3
149 19 3
150 1 6
150 2 8
150 3 11
150 4 11
150 5 4
150 6 6
150 7 4
150 8 24
150 9 3
150 10 18
150 11 7
150 13 7
150 14 3
150 16 1
150 17 4
150 18 1
150 19 24
150 20 19
150 21 3
150 22 12
150 23 19
150 24 25
150 25 16
150 26 25
150 27 17
150 28 24
150 29 2
151 1 8
151 3 7
151 4 11
151 5 3
151 6 5
151 7 12
151 8 3
151 9 10
151 10 10
151 11 2
151 12 5
151 13 3
151 14 8
151 15 1
151 16 6
151 17 11
152 2 2
152 3 4
152 4 2
152 5 7
152 6 2
152 7 3
152 10 1
152 11 8
152 12 8
153 1 9
153 2 16
153 3 18
153 4 18
153 5 5
153 6 7
153 7 12
153 8 5
153 9 21
153 10 4
153 11 5
153 12 3
153 13 16
153 14 16
153 15 4
153 16 17
153 17 13
154 1 11
154 2 1
154 3 7
154 4 11
154 5 3
154 6 4
154 7 12
154 8 4
154 9 15
154 10 3
154 11 6
154 12 15
154 13 12
154 14 10
154 16 11
154 17 15
154 18 7
155 1 14
155 3 1
155 4 9
155 5 8
155 6 19
155 7 1
155 8 7
155 9 7
155 10 2
155 11 17
155 12 8
155 13 19
155 14 5
155 15 11
155 16 8
155 17 3
155 18 4
155 19 1
155 20 7
155 21 12
155 22 3
155 23 12
155 24 9
155 25 19
155 26 5
155 27 3
156 4 2
156 5 5
156 6 3
156 7 2
156 8 2
156 9 4
157 1 2
157 2 5
157 3 4
157 5 2
157 6 3
157 7 14
157 8 14
157 9 9
157 10 16
157 12 5
157 13 3
157 14 11
157 15 7
157 16 3
157 17 16
157 19 1
157 20 10
157 22 16
157 23 13
158 1 6
158 2 3
158 3 5
158 4 5
158 5 1
158 6 4
158 7 7
158 8 7
158 9 3
159 1 7
159 2 5
159 3 8
159 4 4
159 5 12
159 6 4
159 7 1
159 8 1
159 9 3
159 10 4
159 11 6
159 12 8
159 13 10
160 1 3
160 2 1
160 4 1
161 2 11
161 3 12
161 4 5
161 5 1
161 6 4
161 7 13
161 9 12
161 10 13
161 11 8
161 12 12
161 13 4
161 14 8
161 15 5
161 16 11
162 1 17
162 2 10
162 3 9
162 4 11
162 5 19
162 6 8
162 7 2
162 8 9
162 9 10
162 10 8
162 11 1
162 12 4
162 13 16
162 14 1
162 15 6
162 16 6
162 17 14
162 18 17
162 19 11
162 20 2
162 21 2
162 22 19
162 23 17
162 24 14
163 2 4
163 3 12
163 4 1
163 5 6
163 6 7
163 7 6
163 9 1
163 10 1
163 11 3
163 12 6
164 2 1
164 3 14
164 4 17
164 5 13
164 6 19
164 7 16
164 8 18
164 9 10
164 10 22
164 11 21
164 12 7
164 13 20
164 14 13
164 15 8
164 17 21
164 18 12
164 19 15
164 20 12
164 21 12
164 22 1
164 23 23
164 24 22
164 25 9
164 26 15
164 27 14
164 28 21
165 1 18
165 2 16
165 3 10
165 4 8
165 6 7
165 7 8
165 8 14
165 10 9
165 11 14
165 13 20
165 14 1
165 15 14
165 16 5
165 17 15
165 18 18
166 1 2
166 2 9
166 3 23
166 4 1
166 5 21
166 6 20
166 7 19
166 8 14
166 9 14
166 10 7
166 11 2
166 12 15
166 13 15
166 14 21
166 15 23
166 16 20
166 17 9
166 18 14
166 19 14
166 20 6
166 21 10
166 22 15
166 23 24
166 24 16
166 25 11
166 26 2
166 27 10
167 1 3
167 2 3
167 4 2
167 6 1
167 7 2
168 1 22
168 2 19
168 3 18
168 4 23
168 5 5
168 6 4
168 7 5
168 8 14
168 9 21
168 10 25
168 11 15
168 12 8
168 13 26
168 14 22
168 15 20
168 16 25
168 17 17
168 18 7
168 19 1
168 20 21
168 21 2
168 22 3
168 23 11
168 24 6
168 25 8
168 26 13
168 27 9
168 28 19
168 29 3
169 1 7
169 2 2
169 3 6
169 4 16
169 5 20
169 6 15
169 7 13
169 8 4
169 9 8
169 10 21
169 11 3
169 12 15
169 13 4
169 14 3
169 15 19
169 16 13
169 17 13
169 18 2
169 19 8
169 20 9
169 21 1
169 22 11
169 23 10
169 24 7
169 25 17
169 26 17
169 27 17
169 28 1
170 2 5
170 3 4
170 6 4
170 7 2
170 8 2
171 1 14
171 2 4
171 3 12
171 4 17
171 5 11
171 6 15
171 7 7
171 8 11
171 9 3
171 10 3
171 11 8
171 12 4
171 13 6
171 14 16
171 15 3
171 16 8
171 17 5
171 18 2
171 19 16
171 20 11
171 22 14
171 23 6
172 1 12
172 2 20
172 3 5
172 4 13
172 5 14
172 6 19
172 7 21
172 8 5
172 9 10
172 10 11
172 11 22
172 12 16
172 13 21
172 14 15
172 15 20
172 16 15
172 17 22
172 18 19
172 19 23
172 20 20
172 21 8
172 22 13
172 24 12
172 25 14
172 26 16
173 1 9
173 2 11
173 3 4
173 4 1
173 5 5
173 6 5
173 7 7
173 8 6
173 9 12
173 10 5
173 11 5
173 12 7
174 1 16
174 2 17
174 3 7
174 4 1
174 5 5
174 6 11
174 7 5
174 8 2
174 9 6
174 10 10
174 11 1
174 12 4
174 13 5
174 14 13
174 15 12
174 16 3
174 17 3
174 18 11
174 19 1
174 21 7
174 22 6
174 23 4
174 24 16
175 1 2
175 2 4
175 3 5
175 4 1
175 5 4
175 6 3
175 7 1
175 8 1
176 1 4
176 2 11
176 3 1
176 4 16
176 5 17
176 6 18
176 7 19
176 8 2
176 9 7
176 10 16
176 11 15
176 12 8
176 13 1
176 14 4
176 15 4
176 17 17
176 18 4
176 19 18
176 21 10
176 22 20
176 23 10
176 24 10
176 25 15
176 26 9
176 27 1
176 28 10
177 1 8
177 2 3
177 4 2
177 5 4
177 6 7
177 7 8
177 8 4
177 9 1
177 10 9
177 11 9
178 1 2
178 2 10
178 4 4
178 5 1
178 6 13
178 7 9
178 8 5
178 9 2
178 10 13
178 11 1
178 12 7
178 13 2
178 14 3
178 15 12
178 17 1
179 1 7
179 2 7
179 3 6
179 4 3
179 5 2
179 6 8
180 1 5
180 2 3
180 3 1
180 4 4
180 5 2
180 7 2
180 8 1
181 1 5
181 2 5
181 3 10
181 4 9
181 5 7
181 6 4
181 7 10
181 8 7
181 9 4
181 10 3
181 11 12
181 12 8
181 13 12
181 14 3
182 1 14
182 2 6
182 3 6
182 5 5
182 7 5
182 9 14
182 10 11
182 11 16
182 12 9
182 13 10
182 14 12
182 15 2
182 16 12
182 17 1
182 18 3
182 19 2
182 20 13
183 1 4
183 2 2
183 4 1
183 5 3
183 6 1
184 1 7
184 2 4
184 3 5
184 4 2
184 5 5
184 6 5
185 3 3
185 4 4
185 5 1
185 6 5
185 7 8
185 8 6
185 9 5
186 1 2
186 2 3
186 3 7
186 4 6
186 5 1
186 6 6
186 7 4
186 8 1
186 9 9
186 10 1
186 11 2
186 12 11
186 13 8
186 15 4
187 1 8
187 2 4
187 3 13
187 4 13
187 5 15
187 6 14
187 7 5
187 8 17
187 9 17
187 10 13
187 11 1
187 12 4
187 13 15
187 14 16
187 15 17
187 16 2
187 17 2
187 18 14
188 1 10
188 2 4
188 3 8
188 4 4
188 5 9
188 6 9
188 7 9
188 9 7
188 10 6
188 11 6
188 12 3
188 13 8
188 14 1
188 15 8
188 16 1
188 17 4
189 1 11
189 2 8
189 3 15
189 4 15
189 5 10
189 6 5
189 7 5
189 8 13
189 9 6
189 10 14
189 11 2
189 12 15
189 13 16
189 14 15
189 15 14
189 16 3
189 17 8
189 19 2
189 20 5
190 1 10
190 2 9
190 4 7
190 5 6
190 6 12
190 7 3
190 8 9
190 9 4
190 10 6
190 11 9
190 12 12
190 13 10
190 14 2
190 15 2
190 16 7
190 17 9
190 18 3
190 19 7
190 20 5
191 2 1
191 3 3
191 4 1
192 1 9
192 2 5
192 3 7
192 4 2
192 5 4
192 6 3
192 8 3
192 9 10
192 12 9
193 1 4
193 2 9
193 3 2
193 4 13
193 5 12
193 6 17
193 7 18
193 8 6
193 9 11
193 10 11
193 11 4
193 12 16
193 13 12
193 14 1
193 15 11
193 16 17
193 17 3
193 18 18
193 19 4
193 20 20
193 21 3
193 22 16
193 23 17
193 24 21
193 25 2
193 26 16
193 27 10
193 28 20
193 29 11
194 1 10
194 2 10
194 3 6
194 5 1
194 6 6
194 7 1
194 8 5
194 9 7
194 10 8
194 11 2
194 12 11
195 1 14
195 2 1
195 3 12
195 4 3
195 5 9
195 6 8
195 7 4
195 8 7
195 9 9
195 10 4
195 11 6
195 12 1
195 13 13
195 14 11
195 15 1
195 16 15
195 17 3
196 1 4
196 2 17
196 3 3
196 4 15
196 5 13
196 6 13
196 7 9
196 8 20
196 9 20
196 10 15
196 11 9
196 12 20
196 13 9
196 15 17
196 16 5
196 17 16
196 18 13
196 19 10
197 1 11
197 2 12
197 3 17
197 4 8
197 6 4
197 7 8
197 8 20
197 9 8
197 10 17
197 11 19
197 12 15
197 13 16
197 14 12
197 15 18
197 16 15
197 17 19
197 18 16
197 19 1
197 20 17
197 21 10
197 22 4
197 23 14
198 1 2
198 3 4
198 5 7
198 6 6
198 7 14
198 8 6
198 9 12
198 10 3
198 11 8
198 12 12
198 13 6
198 14 9
198 15 8
198 16 2
198 17 4
199 2 1
199 3 6
199 4 5
199 5 2
199 6 2
200 1 2
200 2 11
200 3 8
200 5 6
200 6 6
200 7 4
200 8 8
200 9 5
200 10 2
200 11 4
200 12 7
200 13 5
200 14 8
201 1 6
201 2 1
201 3 9
201 4 11
201 5 2
201 6 11
201 7 11
201 8 2
201 9 7
202 1 23
202 2 6
202 3 9
202 4 4
202 5 7
202 6 4
202 7 12
202 8 15
202 9 18
202 10 3
202 11 16
202 12 10
202 13 8
202 14 18
202 15 2
202 16 11
202 17 4
202 19 17
202 20 6
202 21 11
202 22 3
202 23 10
202 24 8
203 1 14
203 2 13
203 3 14
203 4 13
203 5 4
203 6 14
203 7 9
203 8 16
203 9 6
204 1 11
204 2 12
204 3 1
204 4 8
204 5 1
204 6 8
204 7 2
204 8 4
204 9 13
204 10 1
204 11 4
204 12 7
204 13 12
204 15 12
204 16 8
204 17 9
204 18 9
205 1 5
205 2 3
205 3 7
205 4 10
205 5 6
205 6 5
205 7 7
205 8 7
205 9 11
205 11 2
205 12 4
205 13 1
205 14 3
206 2 6
206 4 5
206 5 8
206 6 5
206 7 6
206 8 7
206 9 2
207 1 1
207 3 1
207 5 6
207 6 5
207 7 6
207 8 5
208 1 17
208 2 11
208 3 18
208 4 17
208 5 5
208 6 18
208 7 9
208 8 5
208 9 6
208 10 12
208 11 12
208 12 4
208 13 10
208 14 1
208 15 12
208 16 5
208 17 5
208 18 19
208 19 17
208 20 6
208 21 8
208 22 5
208 23 19
208 24 11
209 1 6
209 2 3
209 4 2
209 5 7
209 6 7
209 7 4
209 9 7
209 10 7
209 11 3
209 12 1
209 13 5
209 14 3
209 15 7
210 1 9
210 3 2
210 4 10
210 5 5
210 6 9
210 8 3
210 9 9
211 1 6
211 2 1
211 3 6
211 4 10
211 5 8
211 6 5
211 7 4
211 8 11
211 10 8
211 11 2
211 12 10
212 1 6
212 2 7
212 3 4
212 4 9
212 5 3
212 6 10
212 7 6
212 8 3
212 9 4
212 10 4
212 12 8
213 1 1
214 1 5
214 2 8
214 3 7
214 5 12
214 6 11
214 7 5
214 8 3
214 9 2
214 10 3
214 11 10
214 12 4
214 13 12
214 14 8
215 1 20
215 2 18
215 3 17
215 4 22
215 5 2
215 6 6
215 7 11
215 8 16
215 10 20
215 11 7
215 14 8
215 15 17
215 16 9
215 17 7
215 18 20
215 19 8
215 20 14
215 21 18
215 22 15
215 23 19
215 24 12
215 25 7
216 1 15
216 2 17
216 3 14
216 4 8
216 5 15
216 6 16
216 7 10
216 8 7
216 9 10
216 10 1
216 12 8
216 13 11
216 14 9
217 1 24
217 2 25
217 3 25
217 4 17
217 5 6
217 6 15
217 7 9
217 8 14
217 9 2
217 10 22
217 11 4
217 12 6
217 13 11
217 14 11
217 15 2
217 16 7
217 17 4
217 18 15
217 19 12
217 20 24
217 21 16
217 22 2
217 23 9
217 24 23
217 25 17
217 26 11
217 27 4
218 1 4
218 2 3
218 3 1
218 4 3
219 1 10
219 2 13
219 3 4
219 4 5
219 5 7
219 6 12
219 7 11
219 8 9
219 9 11
219 10 1
219 11 9
219 12 12
219 13 9
219 14 9
219 15 10
219 16 6
219 17 11
219 18 8
220 1 12
220 2 13
220 4 12
220 5 7
220 6 10
220 7 7
220 8 18
220 9 18
220 10 13
220 11 6
220 12 4
220 13 18
220 14 10
220 15 2
220 16 19
220 17 17
220 18 11
220 19 16
220 20 15
221 1 10
221 2 2
221 3 12
221 4 9
221 5 7
221 6 3
221 7 7
221 8 2
221 9 12
221 10 9
221 11 10
221 12 3
221 13 5
221 14 11
221 15 11
221 16 2
221 17 5
221 18 8
221 19 4
221 21 3
222 1 23
222 2 6
222 3 3
222 4 5
222 5 11
222 6 21
222 7 5
222 8 19
222 9 25
222 10 21
222 11 23
222 12 5
222 13 10
222 14 13
222 15 24
222 16 2
222 17 6
222 18 25
222 19 11
222 20 24
222 21 4
222 22 15
222 23 20
222 24 8
222 25 22
222 26 4
222 27 3
222 28 9
222 29 25
222 30 10
223 1 2
223 2 4
223 3 1
223 4 3
223 6 3
223 7 4
223 8 3
223 9 3
224 1 24
224 2 10
224 3 20
224 4 21
224 5 6
224 6 6
224 7 4
224 8 20
224 9 7
224 10 18
224 11 20
224 12 18
224 13 12
224 14 12
224 15 17
224 16 21
224 17 20
224 19 20
224 20 14
224 21 21
224 22 26
224 23 20
224 24 1
224 25 5
224 26 1
225 1 7
225 2 4
225 3 6
225 5 4
225 7 3
225 8 1
225 9 10
225 10 2
226 1 12
226 2 12
226 3 17
226 4 6
226 5 2
226 6 10
226 7 12
226 8 6
226 9 17
226 10 9
226 11 8
226 12 5
226 13 15
226 14 14
226 15 13
226 16 12
226 17 16
226 18 4
226 19 13
226 20 6
226 21 11
227 1 19
227 2 18
227 3 15
227 4 13
227 5 4
227 6 17
227 7 17
227 8 10
227 9 4
227 10 4
227 12 22
227 13 24
227 14 7
227 15 3
227 16 17
227 17 9
227 18 7
227 19 10
227 20 23
227 21 1
227 22 5
227 23 11
227 25 21
227 26 16
227 27 4
227 28 1
227 29 22
227 30 5
228 1 5
228 2 9
228 3 10
228 4 14
228 6 1
228 7 8
228 8 1
228 9 6
228 11 8
228 12 17
228 14 11
228 16 16
228 17 3
228 18 16
228 19 5
228 20 3
228 21 13
228 22 15
229 1 6
229 2 4
229 3 3
229 4 19
229 5 3
229 6 9
229 7 1
229 9 14
229 10 17
229 11 13
229 12 4
229 13 7
229 14 3
229 15 8
229 16 11
229 17 14
229 18 14
229 19 10
229 20 5
229 21 12
229 22 8
229 24 10
229 25 17
229 27 19
230 1 9
230 2 2
230 3 12
230 4 20
230 5 7
230 6 9
230 7 22
230 8 22
230 9 12
230 10 10
230 11 5
230 12 9
230 13 6
230 14 23
230 15 3
230 16 22
230 17 21
230 18 10
230 19 17
230 20 1
230 21 6
230 22 4
230 23 18
231 1 10
231 2 12
231 3 3
231 5 7
231 6 11
231 7 5
231 8 6
231 9 25
231 10 24
231 11 7
231 12 23
231 13 18
231 14 11
231 15 20
231 16 15
231 17 8
231 18 18
231 19 1
231 20 12
231 21 19
231 22 17
231 23 8
231 25 24
231 26 7
231 27 23
231 28 23
231 29 3
231 30 12
232 1 6
232 2 7
232 3 3
232 4 7
232 5 8
232 6 9
232 7 1
232 9 3
232 10 3
232 11 3
232 12 3
232 13 6
232 14 6
232 15 3
232 16 11
232 17 9
232 18 8
232 19 4
232 20 9
233 1 12
233 2 26
233 3 23
233 4 25
233 5 7
233 6 22
233 7 17
233 8 23
233 9 7
233 10 25
233 11 10
233 12 18
233 13 4
233 14 3
233 15 12
233 16 7
233 17 17
233 18 24
233 19 9
233 20 19
233 21 11
233 22 18
233 23 25
233 24 17
233 25 23
233 26 15
233 27 21
233 28 7
233 29 21
234 1 5
234 2 9
234 3 2
234 4 14
234 5 1
234 6 17
234 7 15
234 8 15
234 9 14
234 10 16
234 11 6
234 12 16
234 13 3
234 14 15
234 15 10
234 16 14
234 17 13
234 18 12
234 19 3
234 20 16
234 21 1
234 22 5
235 1 11
235 2 4
235 3 13
235 4 2
235 5 25
235 6 7
235 7 24
235 8 12
235 10 11
235 11 17
235 12 20
235 13 8
235 14 24
235 15 16
235 16 1
235 17 15
235 18 11
235 19 4
235 20 18
235 21 11
235 23 22
235 24 3
235 25 14
235 26 7
235 27 13
235 28 15
235 30 7
236 1 8
236 2 6
236 3 21
236 4 20
236 5 4
236 6 13
236 7 11
236 8 15
236 9 19
236 10 1
236 11 10
236 12 6
236 13 19
236 14 13
236 15 21
236 17 20
236 18 20
236 19 19
236 20 4
236 21 1
237 1 2
237 2 14
237 3 7
237 4 1
237 5 2
237 6 14
237 7 4
237 9 13
237 10 2
237 11 17
237 12 17
237 13 7
237 14 1
237 15 13
237 16 6
237 17 1
237 18 19
237 19 19
237 20 16
237 21 4
237 22 6
237 23 3
237 24 15
237 25 12
238 1 11
238 2 3
238 3 8
238 4 4
238 5 3
238 6 4
238 7 10
238 8 1
238 9 5
238 11 6
238 12 5
238 13 7
238 14 9
238 15 3
238 16 2
238 17 5
238 18 9
238 19 9
238 20 8
238 21 2
238 23 11
239 1 2
239 2 16
239 3 13
239 4 2
239 5 7
239 6 6
239 7 15
239 8 6
239 9 11
239 10 1
239 11 4
239 12 3
239 13 2
240 1 4
240 2 10
240 3 2
240 4 7
240 5 8
240 7 12
240 8 21
240 9 6
240 10 14
240 11 18
240 12 12
240 13 18
240 14 25
240 15 17
240 16 10
240 17 8
240 18 6
240 20 10
240 21 14
240 22 10
240 23 2
241 1 2
241 2 1
241 3 5
241 4 2
241 5 8
241 6 15
241 7 14
241 8 12
241 10 9
241 11 15
241 13 6
241 14 3
241 15 16
241 16 1
241 17 12
241 18 7
242 1 14
242 2 10
242 3 15
242 4 16
242 5 12
242 6 9
242 7 16
242 8 8
242 9 14
242 10 14
242 11 4
242 12 8
242 14 9
242 15 8
242 16 11
243 1 13
243 2 11
243 3 12
243 6 12
243 7 5
243 8 8
243 9 8
243 11 13
243 12 4
243 13 7
243 14 9
243 15 5
243 16 3
244 1 1
244 2 2
244 3 3
244 4 5
244 5 4
244 6 2
244 7 2
244 8 6
245 1 4
245 2 19
245 3 16
245 4 2
245 5 11
245 6 23
245 7 19
245 8 18
245 9 23
245 10 22
245 11 7
245 12 14
245 13 6
245 14 16
245 15 15
245 16 21
245 17 13
245 18 14
245 19 5
245 20 8
245 21 18
245 22 16
246 1 15
246 2 2
246 3 7
246 4 15
246 5 6
246 6 1
246 7 15
246 8 7
246 9 10
246 11 1
246 12 1
246 13 2
246 14 1
246 15 13
246 16 5
246 17 2
247 1 3
247 2 3
247 3 5
247 4 4
247 5 6
247 7 3
247 8 4
247 9 5
247 10 2
247 11 4
247 12 2
247 15 3
248 1 3
248 2 9
248 3 5
248 4 6
248 5 5
248 6 2
248 7 2
248 8 3
248 10 7
248 11 4
248 12 1
248 13 8
249 1 7
249 2 18
249 3 1
249 4 10
249 5 22
249 6 7
249 7 6
249 8 17
249 9 4
249 10 13
249 11 7
249 12 2
249 13 17
249 14 17
249 15 20
249 16 22
249 17 7
249 18 3
249 19 15
249 20 16
249 21 19
249 22 6
249 23 22
249 24 5
249 25 7
249 26 16
249 27 15
249 28 12
249 29 5
250 1 6
250 2 13
250 3 15
250 4 5
250 5 13
250 6 4
250 7 16
250 8 2
250 9 15
250 10 16
250 11 2
250 12 4
250 13 18
250 14 7
250 15 13
250 18 5
250 19 19
250 20 8
250 22 18
250 23 9
250 24 8
251 1 2
251 2 1
251 4 2
251 5 4
251 6 4
251 7 3
252 2 1
252 3 5
252 5 4
252 6 2
252 7 6
252 8 2
252 9 8
252 10 9
252 12 9
252 13 5
252 14 3
252 15 8
252 16 7
253 2 5
253 3 8
253 4 1
253 6 10
253 7 6
253 8 10
253 9 8
253 10 5
253 11 7
253 12 12
254 1 4
254 2 2
254 3 18
254 4 19
254 5 3
254 6 13
254 7 10
254 8 20
254 9 13
254 10 16
254 11 22
254 12 7
254 13 3
254 14 21
254 15 2
254 16 22
254 17 7
254 18 23
254 19 11
254 20 14
254 21 1
254 22 20
254 23 4
254 24 8
254 25 19
254 26 11
255 2 2
255 3 15
255 4 13
255 5 10
255 6 1
255 7 13
255 8 22
255 9 3
255 10 6
255 11 11
255 12 14
255 13 14
255 14 17
255 15 18
255 16 19
255 17 15
255 18 6
255 19 5
255 20 3
255 21 22
255 22 10
255 23 18
255 24 16
256 1 5
256 2 3
256 3 6
256 4 2
256 5 5
256 6 5
256 7 4
256 8 4
256 10 3
256 11 6
256 12 4
256 13 6
257 2 1
257 3 3
257 4 3
257 5 4
257 6 1
257 7 3
258 1 25
258 2 2
258 3 18
258 4 24
258 5 18
258 6 23
258 7 3
258 8 2
258 9 16
258 10 23
258 12 8
258 13 9
258 14 17
258 15 22
258 16 11
258 17 21
258 18 21
258 19 10
258 20 26
258 21 15
258 22 23
258 23 23
258 24 19
258 25 2
258 26 26
259 1 3
259 2 5
259 3 15
259 4 4
259 6 17
259 7 4
259 8 13
259 9 9
259 10 16
259 11 7
259 12 5
259 13 7
259 14 4
259 15 9
259 16 11
259 17 8
259 18 7
259 19 14
259 20 3
259 21 14
259 22 17
259 23 9
260 1 24
260 2 20
260 3 16
260 4 10
260 5 13
260 6 2
260 7 15
260 8 4
260 9 22
260 10 13
260 11 9
260 12 17
260 13 3
260 14 3
260 15 4
260 16 1
260 17 17
260 18 6
260 19 11
260 20 7
260 21 24
260 22 11
261 1 2
261 2 1
261 3 7
261 4 8
261 5 4
261 6 8
261 7 6
261 8 5
261 9 9
261 10 8
261 11 2
262 1 4
262 2 5
262 3 4
262 4 4
263 1 4
263 2 2
263 3 12
263 4 8
263 5 9
263 6 4
263 7 12
263 8 8
263 9 12
263 10 10
263 11 2
263 12 9
263 13 10
263 15 2
263 16 1
263 17 1
263 18 3
263 19 10
263 20 8
263 21 6
263 22 10
263 23 9
263 24 8
263 25 5
264 1 1
264 2 12
264 3 12
264 4 4
264 5 5
264 6 10
264 7 9
264 8 3
264 9 3
264 10 3
264 11 4
264 12 7
264 13 11
264 14 8
264 15 8
264 16 4
264 17 5
265 1 4
265 2 8
265 3 8
265 4 8
265 5 6
265 6 12
265 7 7
265 8 7
265 9 21
265 11 11
265 12 21
265 13 6
265 15 14
265 16 12
265 17 1
265 18 18
265 19 13
265 20 14
265 21 7
266 1 3
266 2 4
266 3 9
266 4 19
266 5 3
266 6 17
266 8 1
266 9 3
266 10 18
266 11 8
266 12 3
266 13 4
266 14 12
266 15 14
266 16 10
266 17 10
266 18 7
266 19 7
266 20 10
266 21 1
266 22 8
266 23 8
266 24 12
267 1 7
267 2 11
267 3 16
267 4 15
267 5 5
267 6 2
267 8 11
267 9 19
267 10 4
267 11 11
267 12 6
267 13 17
267 14 19
267 15 10
267 16 3
267 17 10
267 18 12
267 19 11
267 20 18
267 21 18
267 22 6
267 23 1
267 26 17
268 1 6
268 2 9
268 3 3
268 4 1
268 5 18
268 6 2
268 7 21
268 8 1
268 9 3
268 10 17
268 11 14
268 12 13
268 13 3
268 14 10
268 15 15
268 16 17
268 17 2
268 18 18
268 19 2
268 21 18
268 22 9
268 23 16
268 24 1
268 25 1
268 26 3
268 27 15
269 1 16
269 2 5
269 3 13
269 4 19
269 5 1
269 6 5
269 7 1
269 8 15
269 9 11
269 10 19
269 11 15
269 13 18
269 14 14
269 15 6
269 16 9
269 17 11
269 19 12
270 1 9
270 2 4
270 3 13
270 4 10
270 5 11
270 6 4
270 7 8
270 8 3
270 9 12
270 10 12
270 11 7
270 12 9
270 13 7
270 14 4
270 15 10
270 16 12
270 17 2
270 18 12
271 1 8
271 2 9
271 3 8
271 4 6
271 5 8
271 6 4
271 7 6
271 8 4
271 9 6
271 10 7
271 11 6
272 1 14
272 3 21
272 4 22
272 5 14
272 6 11
272 7 9
272 8 19
272 9 19
272 10 2
272 11 4
272 12 10
272 13 3
272 14 17
272 15 12
272 16 22
272 17 9
272 18 7
272 19 2
272 20 15
272 21 18
272 22 20
272 23 14
272 24 19
272 25 8
272 26 9
273 1 8
273 2 6
273 3 4
273 4 7
273 6 2
273 7 5
273 8 6
273 10 5
273 11 10
273 12 5
274 1 22
274 2 17
274 3 21
274 4 14
274 5 7
274 6 1
274 8 14
274 9 9
274 10 3
274 11 11
274 12 4
274 13 6
274 14 3
274 15 21
274 17 5
274 18 19
274 20 3
274 21 8
274 22 16
274 23 6
274 24 9
274 25 5
274 26 19
274 27 7
274 28 20
274 29 14
274 30 8
275 1 3
275 2 4
275 3 3
275 4 13
275 5 21
275 7 11
275 8 5
275 9 24
275 11 11
275 12 27
275 13 4
275 14 9
275 15 20
275 16 4
275 17 16
275 18 19
275 19 28
275 20 1
275 21 16
275 22 26
276 1 5
276 2 14
276 3 9
276 4 9
276 5 10
276 6 3
276 7 17
276 8 8
276 9 14
276 10 2
276 11 18
276 12 12
276 13 5
276 14 3
276 15 9
276 16 18
276 17 10
276 18 15
276 19 6
276 20 13
276 21 5
276 22 13
276 23 7
277 1 10
277 2 12
277 3 4
277 4 16
277 6 10
277 7 6
277 8 3
277 9 1
277 10 3
277 11 6
277 13 2
277 14 12
277 15 14
277 16 14
277 17 17
277 18 13
277 19 8
277 20 3
277 21 12
278 1 6
278 2 10
278 3 16
278 4 5
278 5 9
278 6 10
278 7 8
278 8 1
278 9 1
278 10 18
278 11 5
278 12 7
278 13 16
278 14 6
278 15 1
278 16 4
278 17 10
278 18 8
278 19 4
278 20 7
278 22 13
278 23 11
278 24 3
279 1 5
279 2 16
279 3 15
279 4 8
279 5 2
279 6 20
279 7 16
279 9 16
279 10 21
279 11 19
279 12 21
279 13 3
279 14 7
279 15 18
279 16 19
279 17 19
279 18 20
279 19 1
279 20 2
279 21 3
279 22 1
279 23 13
279 24 6
279 25 13
279 26 8
279 27 12
279 28 22
279 29 9
280 1 7
280 2 3
280 3 8
280 4 3
280 5 1
280 6 11
280 8 9
280 9 1
280 10 8
280 11 6
280 12 7
280 13 7
281 1 18
281 2 21
281 3 20
281 4 16
281 5 1
281 6 9
281 7 20
281 8 2
281 9 2
281 10 2
281 11 18
281 12 12
281 13 11
281 14 17
281 15 16
281 16 12
281 17 9
281 18 7
281 19 3
281 20 21
281 21 10
281 22 26
281 23 2
281 24 8
281 25 12
282 1 5
282 3 2
282 4 2
282 5 4
282 6 2
283 1 2
283 2 14
283 3 13
283 4 14
283 5 9
283 6 19
283 7 18
283 9 14
283 10 5
283 11 15
283 12 22
283 13 14
283 14 16
283 15 5
283 16 6
283 18 5
283 19 1
283 20 13
283 21 8
283 22 9
283 23 12
283 24 3
283 25 5
283 26 11
284 1 2
284 3 2
284 4 5
284 6 3
284 7 1
284 8 4
285 1 11
285 2 16
285 3 12
285 4 1
285 5 1
285 6 5
285 7 16
285 8 10
285 9 16
285 11 4
285 12 12
285 13 14
285 14 5
285 15 9
285 18 10
285 19 2
286 1 2
286 2 13
286 3 3
286 4 1
286 5 11
286 6 11
286 7 3
286 8 1
286 9 17
286 10 1
286 11 9
286 12 12
286 13 13
286 14 6
286 15 4
287 1 3
287 2 18
287 3 9
287 4 20
287 5 20
287 6 1
287 7 15
287 8 14
287 9 17
287 10 12
287 11 21
287 13 14
287 14 3
287 15 25
287 16 21
287 17 13
287 18 24
287 19 6
287 20 15
287 21 13
288 1 10
288 2 12
288 3 5
288 4 8
288 5 15
288 6 9
288 7 10
288 8 7
288 9 14
288 10 10
288 11 16
288 12 1
288 13 5
288 14 10
288 15 7
288 16 2
288 17 8
288 18 11
289 1 16
289 2 13
289 3 18
289 4 9
289 5 15
289 6 1
289 7 16
289 8 14
289 9 7
289 10 15
289 12 11
289 13 9
289 14 2
289 15 11
289 16 4
289 17 7
289 18 13
289 19 6
289 20 4
289 21 11
289 22 18
289 23 11
290 1 23
290 2 20
290 4 3
290 5 22
290 6 16
290 7 19
290 8 5
290 9 8
290 10 4
290 11 18
290 12 3
290 13 8
290 14 15
290 15 9
290 16 6
290 17 20
290 18 13
290 19 14
290 20 13
290 21 22
290 22 16
290 23 24
290 24 28
290 25 13
290 26 10
291 1 11
291 2 3
291 3 5
291 4 6
291 5 1
291 6 4
291 7 5
291 8 5
291 9 8
291 10 6
291 11 16
291 12 8
291 13 8
291 14 11
291 15 13
291 16 3
291 17 14
291 18 1
291 19 8
291 20 5
291 21 6
291 22 6
291 23 16
291 24 1
292 1 7
292 2 9
292 3 2
292 4 12
292 5 8
292 6 10
292 7 5
292 8 1
292 9 2
292 10 5
292 11 6
292 12 2
292 13 10
292 14 5
292 15 11
293 1 16
293 2 12
293 3 16
293 4 17
293 5 7
293 6 17
293 7 17
293 8 20
293 9 15
293 10 10
293 11 3
293 12 7
293 13 5
293 14 12
293 15 12
293 16 12
293 17 18
293 18 13
293 19 12
293 20 19
293 21 4
293 22 2
294 1 5
294 2 5
294 3 5
294 4 3
294 5 2
294 7 2
294 9 5
294 10 4
294 11 4
295 1 1
295 2 2
295 3 3
295 4 3
295 6 5
295 7 5
295 8 6
295 9 2
295 10 4
295 11 2
295 12 1
296 1 11
296 2 10
296 3 9
296 4 4
296 5 3
296 6 8
296 7 6
296 8 1
296 9 9
296 10 12
296 12 9
296 13 14
296 14 13
296 15 12
296 16 2
296 17 7
296 18 10
297 1 8
297 2 5
297 3 1
297 4 2
297 5 5
297 6 4
297 7 6
297 8 7
297 9 2
297 10 7
298 1 3
298 2 9
298 3 8
298 4 8
298 5 5
298 6 3
298 7 7
298 8 4
298 9 9
298 10 1
299 1 5
299 2 2
299 3 3
299 4 5
299 5 5
299 6 5
299 7 5
299 8 6
300 1 3
300 2 5
300 3 1
300 4 3
300 5 1
300 6 6
300 7 2
300 8 2
300 9 3
301 2 12
301 3 11
301 4 6
301 5 7
301 6 4
301 8 4
301 9 13
301 10 3
301 11 5
301 12 3
301 13 8
301 14 12
301 15 6
301 16 6
301 17 12
301 19 13
301 20 9
301 21 9
301 22 13
301 23 7
302 1 6
302 2 6
302 3 9
302 4 1
302 5 3
302 6 5
302 7 6
302 8 8
302 9 5
302 10 8
302 11 11
302 12 9
302 13 7
302 14 4
302 15 9
303 1 18
303 2 11
303 3 4
303 4 1
303 5 3
303 6 7
303 7 20
303 8 3
303 9 20
303 10 12
303 11 14
303 13 9
303 14 21
303 15 9
303 16 9
303 17 8
303 18 3
304 1 18
304 2 17
304 3 9
304 4 5
304 5 10
304 6 13
304 7 13
304 8 4
304 9 9
304 10 4
304 11 13
304 12 14
304 13 3
304 14 3
304 15 3
304 16 4
304 17 16
304 18 14
304 19 10
304 20 4
304 21 12
304 22 19
304 23 18
304 24 4
304 25 1
305 1 5
305 2 2
305 3 1
305 4 5
305 5 1
305 6 2
305 7 6
305 8 1
305 9 5
306 1 3
306 2 7
306 3 8
306 4 9
306 5 6
306 6 11
306 7 5
306 8 5
306 9 1
306 10 3
306 12 2
306 13 4
306 14 5
307 1 13
307 2 2
307 3 5
307 4 13
307 5 5
307 7 2
307 8 13
307 9 4
307 10 1
307 11 5
307 12 9
307 14 8
307 15 3
307 16 5
307 17 13
308 1 3
308 2 3
308 4 4
308 5 1
309 1 3
309 2 2
309 3 4
309 4 3
309 5 1
310 1 10
310 2 3
310 3 12
310 4 9
310 5 2
310 6 8
310 8 13
310 9 9
310 10 9
310 11 1
310 12 13
310 14 3
311 1 12
311 2 10
311 3 12
311 4 1
311 5 9
311 6 8
311 7 1
311 8 7
311 9 6
311 10 7
311 11 4
311 12 4
311 13 2
311 14 12
311 15 5
311 16 10
312 1 1
312 2 9
312 3 6
312 4 5
312 5 2
312 7 9
313 1 11
313 2 5
313 3 4
313 4 3
313 5 8
313 6 12
313 7 18
313 8 14
313 10 15
313 11 15
313 12 13
313 13 11
313 14 12
313 15 14
313 16 18
313 17 1
313 18 5
313 19 12
313 20 4
314 1 8
314 2 10
314 3 14
314 4 11
314 5 13
314 6 6
314 7 7
314 8 12
314 9 2
314 10 1
314 11 13
314 12 14
314 13 4
314 14 4
314 15 2
315 1 8
315 2 3
315 3 12
315 5 17
315 6 2
315 7 8
315 8 6
315 9 3
315 10 8
315 11 17
315 12 14
315 13 16
315 14 16
315 15 14
315 16 8
315 17 2
315 18 14
315 19 12
315 20 4
315 21 5
315 22 2
316 1 19
316 2 12
316 3 8
316 4 9
316 5 1
316 6 6
316 7 6
316 8 10
316 9 19
316 10 19
316 11 4
316 12 17
316 13 10
316 14 12
316 15 3
316 16 11
316 17 16
316 18 16
316 19 6
316 20 17
316 21 8
316 22 12
316 23 5
316 24 18
317 1 11
317 2 4
317 3 7
317 5 1
317 6 2
317 7 2
317 8 4
317 9 11
317 10 9
317 11 10
317 12 10
317 13 13
317 14 11
318 1 15
318 2 15
318 3 13
318 4 15
318 5 16
318 7 15
318 8 18
318 9 2
318 10 11
318 11 11
318 12 9
318 13 2
318 14 11
318 15 16
318 16 9
318 17 6
318 18 17
319 1 5
319 3 2
319 4 5
319 5 6
319 8 3
320 1 3
320 2 9
320 3 15
320 4 1
320 5 7
320 6 2
320 7 17
320 8 12
320 9 3
320 10 6
320 11 8
320 12 11
320 13 13
320 14 10
320 15 18
320 16 15
320 17 19
320 20 1
320 21 20
321 1 6
321 2 6
321 3 11
321 4 17
321 5 12
321 6 10
321 7 10
321 8 20
321 9 11
321 10 9
321 11 2
321 12 5
321 13 18
321 14 22
321 15 5
321 16 18
321 17 12
321 18 14
321 19 21
321 20 18
321 21 5
321 23 21
321 24 24
321 25 17
321 26 18
321 27 5
321 28 12
321 29 20
321 30 18
322 1 22
322 2 18
322 3 17
322 4 7
322 5 18
322 6 3
322 7 20
322 8 3
322 9 3
322 10 25
322 11 16
322 12 19
322 13 19
322 14 12
322 15 4
322 16 10
322 17 15
322 18 19
322 19 12
322 20 10
322 21 5
322 22 8
322 23 4
323 1 7
323 2 1
323 3 10
323 4 12
323 5 11
323 6 23
323 7 10
323 8 14
323 9 15
323 10 19
323 11 17
323 12 19
323 13 4
323 14 24
323 15 17
323 16 13
323 17 21
323 18 1
323 19 15
323 20 20
323 21 2
323 22 4
323 23 17
323 24 17
323 25 25
323 26 4
323 27 19
323 28 19
323 29 12
323 30 4
324 1 8
324 2 7
324 3 10
324 4 4
324 5 8
324 6 4
324 7 1
324 8 5
324 9 2
324 10 7
324 11 10
324 12 9
324 13 6
324 14 6
324 15 10
325 2 8
325 3 16
325 4 10
325 6 5
325 7 4
325 8 7
325 9 3
325 10 7
325 11 7
325 12 7
325 13 6
325 14 3
325 15 7
325 16 12
325 17 3
325 18 6
325 19 7
325 20 12
325 21 13
325 22 13
325 23 15
325 25 9
325 26 4
325 27 6
326 1 15
326 2 4
326 3 1
326 4 7
326 5 15
326 6 6
326 7 2
326 8 18
326 9 13
326 10 2
326 11 4
326 12 11
326 13 1
326 14 15
327 1 9
327 2 9
327 3 13
327 4 12
327 5 6
327 6 7
327 7 10
327 8 13
327 9 10
327 10 13
327 11 4
327 12 1
327 13 14
327 14 5
327 15 11
327 16 13
327 17 14
327 18 12
327 19 3
327 20 10
327 21 10
327 22 10
327 23 4
327 24 8
327 25 16
327 26 7
327 27 8
327 28 8
328 1 13
328 3 9
328 5 5
328 6 8
328 8 7
328 9 2
328 10 14
328 11 12
328 12 10
328 13 7
328 14 3
328 15 6
328 16 3
328 17 4
328 18 12
328 19 2
328 20 9
328 21 8
329 1 2
329 2 1
329 3 6
329 4 7
329 5 3
329 6 1
329 7 3
329 9 1
329 10 5
330 1 10
330 2 8
330 3 8
330 4 9
330 5 3
330 6 8
330 7 10
330 8 10
330 9 4
330 10 1
330 11 7
330 12 3
330 14 1
330 15 2
330 16 2
330 17 3
331 1 17
331 2 2
331 3 3
331 4 16
331 5 2
331 6 8
331 7 19
331 8 4
331 10 10
331 11 11
331 12 12
331 13 13
331 14 6
331 15 7
331 16 18
331 17 3
331 18 18
331 19 13
331 20 19
331 21 11
331 22 18
331 23 12
331 24 21
331 25 15
331 26 10
331 27 3
332 1 3
332 2 4
332 3 2
332 4 1
332 5 2
332 6 3
332 7 2
333 1 3
333 2 3
333 3 9
333 4 8
333 5 10
333 6 9
333 8 3
333 9 3
333 10 10
334 1 3
334 2 17
334 3 9
334 4 11
334 5 18
334 7 8
334 8 5
334 9 15
334 10 7
334 11 13
334 12 10
334 13 17
334 14 13
334 15 8
334 16 7
334 17 7
334 18 18
335 1 3
335 2 12
335 3 5
335 4 16
335 5 2
335 6 5
335 7 6
335 8 7
335 9 14
335 10 7
335 11 10
335 12 6
335 13 10
335 14 15
335 15 5
335 16 12
336 1 1
336 2 7
336 3 7
336 4 3
336 5 3
336 6 7
336 7 1
336 8 11
336 9 5
336 10 13
336 11 2
336 12 7
336 13 3
336 14 13
336 15 8
337 1 3
337 2 6
337 3 7
337 4 5
337 5 1
337 6 3
337 7 2
337 8 9
337 9 3
337 10 6
338 1 12
338 2 9
338 3 3
338 4 4
338 5 3
338 6 4
338 7 1
338 8 13
338 9 11
338 10 11
338 11 11
338 13 1
338 14 1
338 15 13
338 16 16
338 17 17
338 18 7
338 19 2
338 20 1
338 21 16
339 1 20
339 2 12
339 3 14
339 4 20
339 5 8
339 7 21
339 8 7
339 9 22
339 10 16
339 11 9
339 12 11
339 13 16
339 14 22
339 15 12
339 16 20
339 17 14
339 18 8
339 19 4
339 20 12
339 21 3
339 22 22
339 23 20
340 1 19
340 2 15
340 3 11
340 4 16
340 5 1
340 6 1
340 7 10
340 8 18
340 9 15
340 10 8
340 11 11
340 12 20
340 13 6
340 14 6
340 16 5
340 17 13
340 18 20
340 19 14
340 20 17
340 21 15
340 22 16
340 23 10
340 24 8
340 25 7
341 1 1
341 3 1
341 4 8
342 1 5
342 2 13
342 3 15
342 4 11
342 5 17
342 6 13
342 8 11
342 9 19
342 10 16
342 12 1
342 13 12
342 14 19
342 15 8
342 16 9
342 17 10
342 18 6
342 19 15
343 1 3
343 2 5
343 3 6
343 4 5
343 5 4
343 6 6
343 8 6
343 9 4
344 1 2
344 3 5
344 4 4
344 5 3
344 6 5
344 7 1
344 8 5
344 9 5
345 1 1
345 2 1
345 3 1
345 4 1
346 1 13
346 2 2
346 3 4
346 4 7
346 5 15
346 6 16
346 7 8
346 8 11
346 9 4
346 10 14
346 11 9
346 13 11
346 14 5
346 15 18
346 16 2
346 18 8
346 19 21
346 20 9
346 21 13
346 22 9
346 23 13
346 24 12
346 25 20
346 26 18
346 27 3
346 28 5
346 29 10
347 1 6
347 2 9
347 3 1
347 4 9
347 5 4
347 6 7
347 7 8
347 8 6
348 1 9
348 2 11
348 3 10
348 4 13
348 5 13
348 6 11
348 7 8
348 8 1
348 9 3
348 10 2
348 11 10
348 12 5
348 13 4
348 16 8
348 17 16
348 18 14
348 19 3
348 20 16
348 21 9
348 22 10
349 1 9
349 2 9
349 5 5
349 6 1
349 7 13
349 8 11
349 9 14
350 1 17
350 2 8
350 3 21
350 4 6
350 5 14
350 6 21
350 7 21
350 8 17
350 9 21
350 10 9
350 11 20
350 12 7
350 13 6
350 14 6
350 15 19
350 16 3
350 18 16
350 19 18
350 20 19
350 21 3
350 22 8
350 23 7
350 24 6
350 25 1
350 26 20
350 27 16
350 28 11
351 1 15
351 2 19
351 3 8
351 4 5
351 5 4
351 6 16
351 7 28
351 8 13
351 9 12
351 10 20
351 11 24
351 12 14
351 14 23
351 15 1
351 16 5
351 17 19
351 18 21
351 19 15
351 20 28
351 21 24
351 22 21
351 24 20
351 25 27
351 26 25
352 1 2
352 2 1
352 3 3
352 4 6
352 5 2
352 6 1
353 1 8
353 2 1
353 3 5
353 4 5
353 5 1
353 6 3
353 7 7
353 8 10
353 9 9
353 10 4
353 12 9
353 13 6
353 14 6
353 15 7
353 16 12
353 17 5
353 18 1
353 19 10
353 20 1
353 21 7
353 22 2
354 1 5
354 2 3
354 3 11
354 4 4
354 5 4
354 6 1
354 7 17
354 8 3
354 9 15
354 10 15
354 11 14
354 12 7
354 13 7
354 14 7
355 1 1
355 2 4
355 3 5
355 4 3
355 5 2
355 6 2
355 7 5
355 8 6
356 1 7
356 2 8
356 3 2
356 4 3
356 6 10
356 7 9
356 8 6
356 9 6
356 10 1
356 11 11
356 12 4
356 13 15
356 14 4
356 15 14
356 16 6
356 17 15
356 18 6
356 19 4
356 20 11
356 21 1
357 1 10
357 2 6
357 3 5
357 4 2
357 6 2
357 7 1
357 8 2
357 9 2
357 10 10
357 11 2
357 12 10
357 13 11
357 14 3
357 15 11
357 16 9
358 2 10
358 4 6
358 5 9
358 6 12
358 8 12
358 9 8
358 10 12
358 11 2
358 12 15
358 13 10
358 14 12
358 15 12
358 16 9
358 17 8
358 18 1
358 19 6
358 20 13
359 2 16
359 3 10
359 4 11
359 5 14
359 6 18
359 7 18
359 8 14
359 9 5
359 10 16
359 11 5
359 12 17
359 13 18
359 14 7
359 15 3
359 16 18
359 17 2
359 18 6
359 19 9
359 20 17
359 21 3
359 22 4
359 23 2
359 24 10
359 25 12
359 26 14
359 27 18
359 28 4
359 29 8
360 1 14
360 2 7
360 3 9
360 4 15
360 5 7
360 7 4
360 8 3
360 9 17
360 10 12
360 11 3
360 12 17
360 13 18
360 14 10
360 15 2
360 16 7
361 1 9
361 2 5
361 3 5
361 4 7
361 5 3
361 6 3
361 7 7
361 8 6
361 9 9
361 10 3
361 11 7
361 12 12
361 13 12
361 14 10
361 16 4
361 17 7
362 1 21
362 3 15
362 4 6
362 5 11
362 6 3
362 8 8
362 9 10
362 10 17
362 11 12
362 12 8
362 13 15
362 14 3
362 15 14
362 16 19
362 17 19
362 18 11
362 19 8
362 20 21
362 21 8
362 22 10
362 23 19
362 24 10
362 25 1
362 26 2
362 27 1
362 28 16
362 29 2
363 1 5
363 2 7
363 3 8
363 4 8
363 5 5
363 6 12
363 8 12
363 9 1
363 10 4
363 11 8
363 12 13
363 13 13
363 14 11
364 1 3
364 2 8
364 5 8
364 6 7
364 7 2
364 8 2
365 1 9
365 2 6
365 3 2
365 5 6
365 6 5
365 7 8
365 8 2
365 10 4
365 11 4
365 12 1
366 1 3
366 2 8
366 3 5
366 4 5
366 5 5
366 6 5
366 7 13
366 8 10
366 9 7
366 10 6
366 11 5
366 12 4
366 13 7
366 14 4
366 15 13
367 1 4
367 2 2
367 3 1
367 4 1
367 5 4
367 7 6
367 8 3
368 1 4
368 2 1
368 3 4
368 4 6
368 6 7
368 7 4
368 8 3
368 9 1
368 10 4
368 11 5
368 12 1
368 13 4
368 15 1
369 1 10
369 2 15
369 3 7
369 4 13
369 5 4
369 6 11
369 7 5
369 8 3
369 9 14
369 10 12
369 11 7
369 12 16
369 13 16
369 14 12
369 15 12
369 16 9
369 17 10
369 18 2
369 19 3
369 21 16
369 22 7
370 1 4
370 2 10
370 3 7
370 4 7
370 6 8
370 7 5
370 8 8
370 9 7
370 11 1
371 1 7
371 2 7
371 4 3
371 5 8
371 6 8
371 7 2
371 8 5
371 9 1
371 10 5
371 11 6
371 12 2
371 13 8
372 1 1
373 1 5
373 2 1
373 3 3
373 4 4
373 5 1
373 6 2
373 7 3
373 8 5
373 9 3
373 10 7
374 1 3
374 2 9
374 3 16
374 4 12
374 5 1
374 6 14
374 7 6
374 8 8
374 9 16
374 10 4
374 11 7
374 12 6
374 13 14
374 14 2
374 15 14
374 16 8
374 17 5
374 18 3
374 19 8
374 20 16
374 21 2
374 22 8
374 23 7
375 1 7
375 2 18
375 3 23
375 4 16
375 5 22
375 6 26
375 7 19
375 8 6
375 9 1
375 10 25
375 11 17
375 12 22
375 13 23
375 14 2
375 15 5
375 16 24
375 17 6
375 18 6
375 19 20
375 20 26
375 21 12
375 22 11
375 23 1
375 24 25
375 25 5
375 26 16
375 27 26
375 28 8
376 1 14
376 2 8
376 3 16
376 4 9
376 5 10
376 6 14
376 7 15
376 8 16
376 9 10
376 10 4
376 11 14
376 12 12
376 13 8
376 14 5
376 15 4
376 16 13
376 17 14
376 18 10
376 19 13
376 20 16
376 21 12
376 22 5
377 1 8
377 2 1
377 3 11
377 4 9
377 5 5
377 6 7
377 8 1
377 9 1
377 10 9
377 11 5
377 12 9
377 13 7
377 15 6
377 16 3
377 17 12
378 1 2
378 2 5
378 3 7
378 4 3
378 5 4
378 6 6
378 7 7
378 8 5
378 9 3
379 1 5
379 4 3
379 5 4
379 6 5
379 7 1
379 8 1
380 1 10
380 2 2
380 3 2
380 4 7
380 5 18
380 6 22
380 8 18
380 9 15
380 11 7
380 12 11
380 13 18
380 14 3
380 15 2
380 16 6
380 17 16
380 18 20
380 19 1
380 20 23
380 21 9
380 22 19
380 24 7
381 1 5
381 2 10
381 3 14
381 4 1
381 5 10
381 6 11
381 7 9
381 8 3
381 9 2
381 10 7
381 11 8
381 12 18
381 13 16
381 14 14
381 15 1
381 16 15
381 17 2
381 18 10
381 19 3
381 20 3
382 1 11
382 2 7
382 3 2
382 4 6
382 5 4
382 6 6
382 7 6
382 8 12
382 9 6
382 10 1
382 11 9
382 12 1
382 13 11
382 14 8
382 15 7
382 16 12
383 1 4
383 2 1
383 3 3
383 5 1
383 6 3
383 7 6
383 9 8
383 11 3
383 12 4
383 13 3
383 14 8
384 1 10
384 2 2
384 3 9
384 4 2
384 5 5
384 6 5
384 7 2
384 8 2
384 10 2
384 11 8
384 12 8
384 13 1
384 14 10
384 15 7
384 16 4
385 1 8
385 2 5
385 4 5
385 5 4
385 6 7
385 7 5
385 8 5
385 9 4
385 10 8
386 2 3
386 4 2
386 5 2
386 7 1
387 1 23
387 2 20
387 3 27
387 5 12
387 6 12
387 7 25
387 8 3
387 9 7
387 10 1
387 11 18
387 12 12
387 13 21
387 14 27
387 15 5
387 16 6
387 17 16
387 18 7
387 19 8
387 20 20
387 21 20
387 22 1
387 23 14
387 24 10
387 25 27
387 26 23
387 27 1
388 1 14
388 2 18
388 3 2
388 4 14
388 5 11
388 6 19
388 7 16
388 8 19
388 9 9
388 10 14
388 11 1
388 12 8
388 13 3
388 14 8
388 15 15
388 16 16
388 17 10
388 18 7
388 19 7
388 20 7
388 21 7
388 22 9
388 23 10
388 24 14
388 25 10
388 26 9
388 27 14
388 28 3
389 1 8
389 2 1
389 3 9
389 4 1
389 5 11
389 6 2
389 7 14
389 8 5
389 9 16
389 10 12
389 11 14
389 12 16
389 13 14
389 14 14
389 15 13
389 16 9
389 17 6
389 18 4
389 19 16
389 20 1
389 21 1
389 22 3
390 1 5
390 2 13
390 3 16
390 4 15
390 5 18
390 6 9
390 7 5
390 8 4
390 9 5
390 10 13
390 11 18
390 12 4
390 13 9
390 14 2
390 15 15
390 16 18
390 17 11
390 18 5
390 19 17
390 20 4
391 1 16
391 2 8
391 3 15
391 4 13
391 5 2
391 6 7
391 8 18
391 9 7
391 10 4
391 11 11
391 12 3
391 13 5
391 14 5
391 15 16
391 16 10
391 17 3
391 18 4
391 19 12
391 20 19
391 21 13
391 22 8
391 23 5
391 24 7
391 25 6
391 26 17
391 27 14
391 28 10
391 29 17
392 1 13
392 2 5
392 3 8
392 4 10
392 5 12
392 6 2
392 8 3
392 10 3
392 11 3
392 12 7
392 13 13
392 14 7
392 16 11
393 1 15
393 2 3
393 3 10
393 4 2
393 5 4
393 6 7
393 7 2
393 8 3
393 9 16
393 10 4
393 11 11
393 12 8
393 13 1
393 14 8
393 15 12
393 16 9
393 17 4
393 18 13
393 19 7
393 20 8
394 1 1
394 2 5
394 3 4
394 4 3
394 5 8
394 6 8
394 7 3
394 8 4
394 9 1
394 10 4
394 11 3
394 12 1
394 13 4
394 14 2
394 15 6
394 16 2
394 18 7
394 19 5
394 20 2
394 21 8
395 1 1
395 2 16
395 3 15
395 5 21
395 6 15
395 7 24
395 8 1
395 9 18
395 10 19
395 11 13
395 12 1
395 13 25
395 14 18
395 15 29
395 16 17
395 17 9
395 18 25
395 19 19
395 20 4
395 21 1
395 22 14
395 23 28
395 24 8
395 25 1
396 1 15
396 2 1
396 3 12
396 4 7
396 5 4
396 6 10
396 7 16
396 8 12
396 9 3
396 10 13
396 12 7
396 13 16
396 15 10
396 16 5
396 17 9
396 18 4
396 19 8
396 20 8
396 21 17
396 22 3
396 23 13
396 24 7
396 25 8
396 26 11
396 27 13
396 28 6
396 29 4
397 1 3
397 2 9
397 3 4
397 5 9
397 6 9
397 7 5
397 8 1
397 9 10
398 1 13
398 3 5
398 4 4
398 5 5
398 6 5
398 7 13
398 8 5
398 9 8
398 11 5
398 12 4
398 13 9
398 14 13
398 15 5
398 16 2
399 1 5
399 4 4
399 5 4
399 6 3
399 7 4
399 8 4
399 9 2
399 11 4
400 1 11
400 2 4
400 3 4
400 4 15
400 5 21
400 6 3
400 7 22
400 8 5
400 9 15
400 10 24
400 11 27
400 12 3
400 13 3
400 14 6
400 15 18
400 16 8
400 17 26
400 18 23
400 19 21
400 20 28
400 21 13
400 22 5
400 23 9
400 24 8
400 25 19
400 26 8
400 27 17
400 28 25
400 29 24
401 1 4
401 2 4
401 3 2
401 4 5
401 5 7
401 7 6
401 8 1
401 9 5
401 10 4
401 11 1
401 12 7
402 1 6
402 2 9
402 3 14
402 4 11
402 5 15
402 6 20
402 7 16
402 8 2
402 9 13
402 10 3
402 11 20
402 12 8
402 13 7
402 14 3
402 15 9
402 16 14
402 17 2
402 18 5
402 19 11
402 20 20
402 21 11
402 22 17
402 23 14
402 24 16
402 25 18
402 26 2
403 1 5
403 2 2
403 3 5
403 4 5
403 5 4
403 6 1
403 7 8
403 8 5
403 9 6
403 10 5
403 11 3
403 12 5
403 13 9
403 14 6
404 1 9
404 2 13
404 4 3
404 5 4
404 6 5
404 7 4
404 9 10
404 10 11
404 11 4
404 12 8
404 13 8
404 14 6
404 15 7
404 16 1
404 17 12
405 1 1
405 2 4
405 3 2
405 4 4
405 6 7
405 8 6
405 9 4
406 1 7
406 2 8
406 3 10
406 4 16
406 5 16
406 6 13
406 7 6
406 8 16
406 10 8
406 11 14
406 12 3
406 13 4
406 14 7
406 15 7
406 16 10
406 17 12
406 18 3
406 19 9
406 20 11
406 21 8
406 22 7
407 1 1
407 2 2
407 3 1
407 7 3
408 1 5
408 2 4
408 3 1
408 4 4
408 6 3
408 7 1
409 1 9
409 2 16
409 4 8
409 5 6
409 6 17
409 7 8
409 8 15
409 9 13
409 10 17
409 11 4
409 12 19
409 13 18
409 14 5
409 15 2
409 16 8
410 1 4
410 2 5
410 3 3
410 4 4
410 5 9
410 6 11
410 7 4
410 9 6
410 10 6
410 11 1
410 12 6
410 14 15
410 15 11
410 16 10
410 17 13
410 18 14
410 19 10
410 20 13
410 21 11
411 1 22
411 2 9
411 3 8
411 4 21
411 5 2
411 7 11
411 8 2
411 9 13
411 10 17
411 11 21
411 12 6
411 13 18
411 14 16
411 15 20
411 16 23
411 17 23
411 19 2
411 21 19
411 22 14
411 23 4
411 24 19
411 25 8
411 26 12
411 27 23
411 28 9
411 29 19
412 1 1
412 2 6
412 3 7
412 4 14
412 5 2
412 6 2
412 7 10
412 8 8
412 9 3
412 10 8
412 11 15
412 12 8
412 13 2
412 14 7
412 15 8
412 16 3
412 17 1
412 18 8
412 19 4
412 20 5
412 21 15
412 22 10
412 24 8
412 25 8
412 26 7
413 1 6
413 2 7
413 3 19
413 4 2
413 5 3
413 6 5
413 7 18
413 8 11
413 9 16
413 10 19
413 11 2
413 13 5
413 14 21
413 15 15
413 16 15
413 17 6
413 18 16
413 19 20
413 20 12
413 21 1
413 22 3
413 23 3
414 1 7
414 3 1
414 4 5
414 5 6
414 6 11
414 7 3
414 8 2
414 9 11
414 10 2
414 11 4
414 12 9
414 13 1
415 1 1
415 2 2
415 3 2
415 4 17
415 5 14
415 6 17
415 7 3
415 8 13
415 9 9
415 10 9
415 11 14
415 12 8
415 14 5
415 15 8
415 16 9
415 17 5
415 18 5
415 19 6
415 21 12
415 22 11
415 23 1
415 24 14
415 25 2
416 1 14
416 2 12
416 3 11
416 4 2
416 5 14
416 6 14
416 7 10
416 8 1
416 9 7
416 10 11
416 11 6
416 12 16
416 13 1
416 14 10
416 15 9
417 1 10
417 2 17
417 3 25
417 4 5
417 5 10
417 6 26
417 7 8
417 8 8
417 9 21
417 10 6
417 11 21
417 12 5
417 13 25
417 14 18
417 15 7
417 16 20
417 17 18
417 18 20
417 19 23
417 20 10
417 21 19
417 22 22
417 23 10
417 24 12
417 25 1
417 26 3
417 27 20
417 28 3
417 29 4
417 30 20
418 1 12
418 2 16
418 3 18
418 4 19
418 5 1
418 6 9
418 7 12
418 8 21
418 11 1
418 12 12
418 13 20
418 14 21
418 15 17
418 16 3
418 17 3
418 18 14
418 19 18
418 20 10
418 21 21
418 22 6
418 23 17
418 24 18
418 25 11
418 26 2
419 1 14
419 2 5
419 3 18
419 4 13
419 5 9
419 6 14
419 7 12
419 8 2
419 9 6
419 10 5
419 11 16
419 12 4
419 13 1
419 14 7
419 15 20
419 16 15
419 17 3
419 18 20
419 19 3
419 20 3
419 21 17
420 1 2
420 2 2
420 3 5
420 4 7
420 5 9
420 6 8
420 7 4
420 8 5
420 9 8
420 10 5
420 11 8
420 12 4
420 13 3
420 14 4
420 15 9
420 16 2
421 1 14
421 2 14
421 3 14
421 4 17
421 5 3
421 6 14
421 7 5
421 8 11
421 9 10
421 10 10
421 11 19
421 12 6
421 13 16
421 14 20
421 15 15
421 17 4
421 18 17
421 19 19
421 20 15
421 21 3
421 22 8
421 23 21
421 24 17
421 25 6
421 26 2
421 27 9
421 29 18
421 30 17
422 1 4
422 2 2
422 3 2
422 4 7
422 5 6
422 6 13
422 7 13
422 8 10
422 9 1
422 10 5
422 11 5
422 12 7
422 13 12
422 14 7
423 1 11
423 2 1
423 3 4
423 4 2
423 5 9
423 6 7
423 7 6
423 8 11
423 9 8
423 10 1
423 11 4
423 12 4
423 13 3
423 14 9
423 15 6
423 16 6
423 17 2
424 1 5
424 2 5
424 4 5
424 5 1
424 7 6
424 8 1
424 9 2
424 11 1
424 12 3
424 13 2
424 15 2
425 1 2
425 2 25
425 3 5
425 5 22
425 6 7
425 7 6
425 8 8
425 9 17
425 10 13
425 11 8
425 12 7
425 13 17
425 14 24
425 15 8
425 16 9
425 17 23
425 18 11
425 19 12
425 21 1
425 22 6
425 23 26
425 24 3
425 25 8
425 26 8
425 27 13
425 28 12
425 29 3
425 30 24
426 1 6
426 3 18
426 4 11
426 5 7
426 6 9
426 7 17
426 8 9
426 9 2
426 10 20
426 11 18
426 12 5
426 13 17
426 14 14
426 15 15
426 16 13
426 17 6
426 18 15
426 19 10
426 20 19
426 21 9
426 22 3
426 23 8
426 24 4
427 1 15
427 2 16
427 3 6
427 4 19
427 5 15
427 6 16
427 7 6
427 8 2
427 9 2
427 10 14
427 11 7
427 12 6
427 13 7
427 14 17
427 15 14
427 16 17
427 17 4
427 18 2
427 20 3
427 21 4
427 22 7
428 1 3
428 2 2
428 4 5
428 5 2
428 6 4
428 7 4
429 1 11
429 2 12
429 3 2
429 4 6
429 5 15
429 6 9
429 7 5
429 8 12
429 9 14
429 11 9
429 12 11
429 13 15
429 14 16
429 15 14
429 16 13
429 17 6
429 19 12
429 20 6
429 21 7
429 22 6
429 23 14
429 24 11
429 25 1
430 1 3
430 2 7
430 3 6
430 4 12
430 5 10
430 7 8
430 8 5
430 9 2
430 10 7
430 11 4
430 12 2
430 13 2
430 14 12
430 15 6
430 16 8
430 17 2
431 1 2
431 2 5
431 3 16
431 4 11
431 5 10
431 6 5
431 7 5
431 8 9
431 9 14
431 10 16
431 11 9
431 12 8
431 13 1
431 14 2
431 15 16
431 16 4
432 1 4
432 3 8
432 4 6
432 5 1
432 6 4
432 9 5
432 10 9
432 11 4
432 12 3
433 2 2
433 3 3
433 4 2
434 1 11
434 2 16
434 3 13
434 4 9
434 5 16
434 6 16
434 7 14
434 8 7
434 9 12
434 10 8
434 11 6
434 12 10
434 13 7
434 15 9
434 16 13
434 17 16
434 18 10
434 19 12
434 20 1
435 1 13
435 2 3
435 3 20
435 4 8
435 5 16
435 6 16
435 7 9
435 8 8
435 9 20
435 10 7
435 11 18
435 12 1
435 13 11
435 14 2
435 15 11
435 16 16
435 17 23
435 18 10
435 19 18
435 20 6
435 21 6
435 22 21
435 23 20
435 24 5
435 25 13
435 26 10
435 27 7
436 1 3
436 2 12
436 3 17
436 4 14
436 5 16
436 6 7
436 7 16
436 8 10
436 9 7
436 10 8
436 11 6
436 12 19
436 13 3
436 14 17
436 15 2
436 16 12
436 17 1
436 18 2
436 20 16
436 21 11
436 23 15
436 24 1
436 25 16
436 26 14
437 1 6
437 2 6
437 3 11
437 4 9
437 5 3
437 6 5
437 7 9
437 8 3
437 9 13
437 10 13
437 11 8
437 12 12
437 13 14
437 14 5
437 15 14
437 16 4
437 17 16
438 1 11
438 2 1
438 3 16
438 4 11
438 5 12
438 6 7
438 7 15
438 8 1
438 9 10
438 10 1
438 11 6
438 12 13
438 13 17
438 14 4
438 15 4
438 16 2
438 17 12
438 18 1
438 19 13
439 1 1
439 2 9
439 3 7
439 4 5
439 5 8
439 6 9
439 7 8
439 8 13
439 9 10
439 10 3
439 11 5
439 12 7
439 13 2
439 14 10
440 1 2
440 2 8
440 3 10
440 4 5
440 5 13
440 6 1
440 8 7
440 9 9
440 10 3
440 11 15
440 12 8
440 14 11
440 15 9
440 16 4
440 17 15
440 18 10
440 19 4
441 1 1
441 2 15
441 4 8
441 5 19
441 6 20
441 7 11
441 8 3
441 9 17
441 10 16
441 11 10
441 12 11
441 13 18
441 14 16
441 15 13
442 1 6
442 2 4
442 3 8
442 4 3
442 5 2
442 6 18
442 7 4
442 8 2
442 9 4
442 10 8
442 11 13
442 12 2
442 14 8
442 15 14
442 16 9
442 17 15
442 18 3
442 19 9
442 20 4
443 1 9
443 2 1
443 3 4
443 4 12
443 5 4
443 6 9
443 8 9
443 9 8
443 10 14
443 11 1
443 12 1
443 13 4
443 14 6
443 15 10
443 16 2
444 1 2
444 2 7
444 3 8
444 4 24
444 5 15
444 6 19
444 7 26
444 8 18
444 9 3
444 10 2
444 11 10
444 12 12
444 13 28
444 14 11
444 16 2
444 17 18
444 18 20
444 19 13
444 20 19
444 21 24
444 22 1
444 23 24
444 24 3
444 25 4
444 26 25
444 27 24
444 28 1
444 29 17
445 1 10
445 2 5
445 3 21
445 4 21
445 5 10
445 6 24
445 7 17
445 8 10
445 9 17
445 10 2
445 11 20
445 12 14
445 13 4
445 14 7
445 15 1
445 16 20
445 17 17
445 18 3
445 19 5
445 20 1
445 21 24
445 22 7
445 23 9
445 24 12
445 25 3
446 1 6
446 2 6
446 3 8
446 4 8
446 5 9
446 7 1
446 8 6
446 9 5
446 10 5
446 11 2
446 12 4
446 13 8
446 14 4
446 15 9
446 16 7
447 1 5
447 2 1
447 3 5
447 4 1
447 5 6
447 6 4
447 7 4
447 8 3
