1 1 1
1 2 1
2 1 1
2 2 1
3 1 4
3 2 2
3 3 4
3 4 3
4 1 1
4 2 1
4 3 4
4 4 3
5 1 1
5 2 2
5 3 4
5 4 3
6 1 20
6 2 20
6 3 20
6 4 20
6 5 20
6 6 20
6 7 20
6 8 20
6 9 20
6 10 20
6 11 20
6 12 20
6 13 20
6 14 20
6 15 20
6 16 20
6 17 20
6 18 20
6 19 20
6 20 20
6 21 20
6 22 20
6 23 20
6 24 20
6 25 20
7 1 3
7 2 3
8 1 3
8 2 3
9 1 1
9 2 13
9 3 1
9 4 3
9 5 7
9 6 5
9 7 13
9 8 7
9 9 5
9 10 5
9 11 10
9 12 12
9 13 11
9 14 11
9 15 7
9 16 6
10 1 1
10 2 3
10 3 13
10 4 7
10 5 3
10 6 4
10 7 2
10 8 12
10 9 5
10 10 14
10 11 10
10 12 9
10 13 7
10 14 13
10 15 3
10 16 6
10 17 5
10 18 8
10 19 7
11 1 1
11 2 2
12 1 22
12 2 22
12 3 22
12 4 22
12 5 22
12 6 22
12 7 22
12 8 22
12 9 22
12 10 22
12 11 22
12 12 22
12 13 22
12 14 22
12 15 22
12 16 22
12 17 22
12 18 22
13 1 24
13 2 24
13 3 24
13 4 24
13 5 24
13 6 24
13 7 24
13 8 24
13 9 24
13 10 24
13 11 24
13 12 24
13 13 24
13 14 24
13 15 24
13 16 24
13 17 24
13 18 24
13 19 24
13 20 24
13 21 24
14 1 24
14 2 24
14 3 24
14 4 24
14 5 24
14 6 24
14 7 24
14 8 24
14 9 24
14 10 24
14 11 24
14 12 24
14 13 24
14 14 24
14 15 24
14 16 24
14 17 24
15 1 3
15 2 4
15 3 3
15 4 3
16 1 1
16 2 1
17 1 23
17 2 23
17 3 23
17 4 23
17 5 23
17 6 23
17 7 23
17 8 23
17 9 23
17 10 23
17 11 23
17 12 23
17 13 23
17 14 23
17 15 23
17 16 23
17 17 23
17 18 23
17 19 23
17 20 23
17 21 23
17 22 23
17 23 23
18 1 3
18 2 2
18 3 4
18 4 3
18 5 4
18 6 4
18 7 1
19 1 15
19 2 15
19 3 15
19 4 15
19 5 15
19 6 15
19 7 15
19 8 15
19 9 15
19 10 15
19 11 15
19 12 15
19 13 15
19 14 15
19 15 15
19 16 15
19 17 15
20 1 18
20 2 18
20 3 18
20 4 18
20 5 18
20 6 18
20 7 18
20 8 18
20 9 18
20 10 18
20 11 18
20 12 18
20 13 18
20 14 18
20 15 18
20 16 18
20 17 18
20 18 18
20 19 18
20 20 18
20 21 18
20 22 18
20 23 18
20 24 18
21 1 17
21 2 17
21 3 17
21 4 17
21 5 17
21 6 17
21 7 17
21 8 17
21 9 17
21 10 17
21 11 17
21 12 17
21 13 17
21 14 17
21 15 17
21 16 17
21 17 17
21 18 17
21 19 17
21 20 17
21 21 17
21 22 17
21 23 17
22 1 10
22 2 10
22 3 10
22 4 10
22 5 10
22 6 10
22 7 10
22 8 10
22 9 10
22 10 10
23 1 10
23 2 6
23 3 8
23 4 10
23 5 5
23 6 9
23 7 4
23 8 11
23 9 7
23 10 4
23 11 8
23 12 4
23 13 13
23 14 7
24 1 1
24 2 1
24 3 1
24 4 2
25 1 14
25 2 22
25 3 15
25 4 13
25 5 27
25 6 14
25 7 21
25 8 26
25 9 9
25 10 24
25 11 12
25 12 25
25 13 3
25 14 1
25 15 20
25 16 3
25 17 14
25 18 16
25 19 12
25 20 26
25 21 20
25 22 24
25 23 22
25 24 9
25 25 6
25 26 25
25 27 26
26 1 1
26 2 2
26 3 2
26 4 2
26 5 3
27 1 15
27 2 15
27 3 15
27 4 15
27 5 15
27 6 15
27 7 15
27 8 15
27 9 15
27 10 15
27 11 15
27 12 15
27 13 15
27 14 15
27 15 15
27 16 15
28 1 7
28 2 7
28 3 7
28 4 7
28 5 7
28 6 7
28 7 7
28 8 7
29 1 24
29 2 24
29 3 24
29 4 24
29 5 24
29 6 24
29 7 24
29 8 24
29 9 24
29 10 24
29 11 24
29 12 24
29 13 24
29 14 24
29 15 24
29 16 24
29 17 24
29 18 24
29 19 24
29 20 24
29 21 24
29 22 24
29 23 24
30 1 11
30 2 11
30 3 11
30 4 11
30 5 11
30 6 11
30 7 11
30 8 11
30 9 11
30 10 11
30 11 11
30 12 11
30 13 11
30 14 11
30 15 11
30 16 11
31 1 1
31 2 13
31 3 10
31 4 19
31 5 3
31 6 7
31 7 6
31 8 14
31 9 5
31 10 10
31 11 19
31 12 10
31 13 19
31 14 13
31 15 17
31 16 12
31 17 16
31 18 2
31 19 13
31 20 10
31 21 17
31 22 2
31 23 13
31 24 4
32 1 8
32 2 12
32 3 7
32 4 14
32 5 12
32 6 2
32 7 2
32 8 3
32 9 1
32 10 13
32 11 13
32 12 6
32 13 5
32 14 6
32 15 2
32 16 2
32 17 6
32 18 10
32 19 14
33 1 12
33 2 11
33 3 18
33 4 6
33 5 7
33 6 4
33 7 6
33 8 9
33 9 9
33 10 15
33 11 18
33 12 13
33 13 1
33 14 16
33 15 11
33 16 15
33 17 4
33 18 1
33 19 5
34 1 8
34 2 19
34 3 12
34 4 4
34 5 17
34 6 12
34 7 10
34 8 7
34 9 7
34 10 7
34 11 10
34 12 22
34 13 11
34 14 4
34 15 2
34 16 22
34 17 19
34 18 16
34 19 10
34 20 4
34 21 14
34 22 5
34 23 20
34 24 14
34 25 13
34 26 13
34 27 16
35 1 2
35 2 2
35 3 7
35 4 11
35 5 11
35 6 9
35 7 14
35 8 8
35 9 16
35 10 8
35 11 7
35 12 1
35 13 12
35 14 4
35 15 4
35 16 16
35 17 15
35 18 16
35 19 12
36 1 12
36 2 3
36 3 9
36 4 11
36 5 10
36 6 9
36 7 13
36 8 5
36 9 1
36 10 9
36 11 8
36 12 6
36 13 7
36 14 12
36 15 6
36 16 8
37 1 2
37 2 4
37 3 1
37 4 3
37 5 1
37 6 2
37 7 1
38 1 1
38 2 16
38 3 2
38 4 9
38 5 10
38 6 8
38 7 8
38 8 7
38 9 10
38 10 8
38 11 9
38 12 5
38 13 10
38 14 15
38 15 14
38 16 3
38 17 11
38 18 12
38 19 5
38 20 9
38 21 5
38 22 7
38 23 8
38 24 13
39 1 15
39 2 15
39 3 15
39 4 15
39 5 15
39 6 15
39 7 15
39 8 15
39 9 15
39 10 15
39 11 15
39 12 15
39 13 15
39 14 15
39 15 15
39 16 15
40 1 20
40 2 23
40 3 12
40 4 18
40 5 16
40 6 17
40 7 17
40 8 18
40 9 2
40 10 23
40 11 21
40 12 1
40 13 5
40 14 6
40 15 15
40 16 13
40 17 14
40 18 15
40 19 5
40 20 15
40 21 23
40 22 1
40 23 12
40 24 14
40 25 5
40 26 4
41 1 14
41 2 14
41 3 14
41 4 14
41 5 14
41 6 14
41 7 14
41 8 14
41 9 14
41 10 14
41 11 14
41 12 14
42 1 22
42 2 22
42 3 22
42 4 22
42 5 22
42 6 22
42 7 22
42 8 22
42 9 22
42 10 22
42 11 22
42 12 22
42 13 22
42 14 22
42 15 22
42 16 22
42 17 22
42 18 22
42 19 22
42 20 22
42 21 22
42 22 22
42 23 22
42 24 22
42 25 22
42 26 22
42 27 22
42 28 22
43 1 6
43 2 6
43 3 6
43 4 6
43 5 6
43 6 6
43 7 6
43 8 6
44 1 1
44 2 14
44 3 3
44 4 3
44 5 4
44 6 3
44 7 11
44 8 8
44 9 9
44 10 4
44 11 12
44 12 11
44 13 20
44 14 20
44 15 19
44 16 9
44 17 10
44 18 20
44 19 19
44 20 20
44 21 14
45 1 1
45 2 3
46 1 1
46 2 3
47 1 20
47 2 20
47 3 20
47 4 20
47 5 20
47 6 20
47 7 20
47 8 20
47 9 20
47 10 20
47 11 20
47 12 20
47 13 20
47 14 20
47 15 20
47 16 20
47 17 20
47 18 20
47 19 20
48 1 24
48 2 24
48 3 24
48 4 24
48 5 24
48 6 24
48 7 24
48 8 24
48 9 24
48 10 24
48 11 24
48 12 24
48 13 24
48 14 24
48 15 24
48 16 24
48 17 24
48 18 24
48 19 24
48 20 24
48 21 24
48 22 24
48 23 24
48 24 24
48 25 24
48 26 24
48 27 24
49 1 3
49 2 9
49 3 11
49 4 9
49 5 7
49 6 3
49 7 7
49 8 8
49 9 10
49 10 3
49 11 1
49 12 10
49 13 8
49 14 6
49 15 6
49 16 11
49 17 6
49 18 4
50 1 15
50 2 21
50 3 3
50 4 4
50 5 7
50 6 7
50 7 15
50 8 13
50 9 7
50 10 22
50 11 20
50 12 15
50 13 18
50 14 15
50 15 10
50 16 15
50 17 7
50 18 21
50 19 13
50 20 2
51 1 6
51 2 22
51 3 18
51 4 16
51 5 5
51 6 18
51 7 13
51 8 12
51 9 13
51 10 7
51 11 22
51 12 8
51 13 3
51 14 6
51 15 5
51 16 11
51 17 3
51 18 14
51 19 22
51 20 24
51 21 23
51 22 18
51 23 18
51 24 20
52 1 6
52 2 8
52 3 12
52 4 2
52 5 14
52 6 12
52 7 8
52 8 4
52 9 9
52 10 2
52 11 7
52 12 9
52 13 12
52 14 12
52 15 2
52 16 4
52 17 13
52 18 2
52 19 9
52 20 3
52 21 9
52 22 1
52 23 3
52 24 8
52 25 3
53 1 21
53 2 21
53 3 21
53 4 21
53 5 21
53 6 21
53 7 21
53 8 21
53 9 21
53 10 21
53 11 21
53 12 21
53 13 21
53 14 21
53 15 21
53 16 21
53 17 21
53 18 21
53 19 21
53 20 21
53 21 21
53 22 21
53 23 21
54 1 13
54 2 6
54 3 6
54 4 11
54 5 14
54 6 10
54 7 5
54 8 9
54 9 6
54 10 10
54 11 12
54 12 5
54 13 1
54 14 13
54 15 5
54 16 9
55 1 20
55 2 11
55 3 5
55 4 3
55 5 18
55 6 7
55 7 16
55 8 8
55 9 9
55 10 10
55 11 16
55 12 8
55 13 18
55 14 9
55 15 5
55 16 16
55 17 11
55 18 20
55 19 8
55 20 11
55 21 13
55 22 8
55 23 10
55 24 20
55 25 7
55 26 13
55 27 15
56 1 1
56 2 5
56 3 2
56 4 4
56 5 4
56 6 5
56 7 5
56 8 2
56 9 3
57 1 26
57 2 26
57 3 26
57 4 26
57 5 26
57 6 26
57 7 26
57 8 26
57 9 26
57 10 26
57 11 26
57 12 26
57 13 26
57 14 26
57 15 26
57 16 26
57 17 26
57 18 26
57 19 26
57 20 26
57 21 26
57 22 26
57 23 26
57 24 26
57 25 26
57 26 26
57 27 26
57 28 26
57 29 26
57 30 26
58 1 18
58 2 18
58 3 18
58 4 18
58 5 18
58 6 18
58 7 18
58 8 18
58 9 18
58 10 18
58 11 18
58 12 18
58 13 18
58 14 18
58 15 18
58 16 18
58 17 18
59 1 16
59 2 16
59 3 16
59 4 16
59 5 16
59 6 16
59 7 16
59 8 16
59 9 16
59 10 16
59 11 16
59 12 16
59 13 16
59 14 16
59 15 16
59 16 16
59 17 16
59 18 16
59 19 16
60 1 27
60 2 27
60 3 27
60 4 27
60 5 27
60 6 27
60 7 27
60 8 27
60 9 27
60 10 27
60 11 27
60 12 27
60 13 27
60 14 27
60 15 27
60 16 27
60 17 27
60 18 27
60 19 27
60 20 27
60 21 27
60 22 27
60 23 27
60 24 27
60 25 27
60 26 27
61 1 1
61 2 7
61 3 5
61 4 8
61 5 4
61 6 5
61 7 9
61 8 5
61 9 8
62 1 11
62 2 11
62 3 11
62 4 11
62 5 11
62 6 11
62 7 11
62 8 11
62 9 11
62 10 11
62 11 11
62 12 11
62 13 11
63 1 1
63 2 6
63 3 10
63 4 6
63 5 1
63 6 6
63 7 9
63 8 6
63 9 5
63 10 10
63 11 1
63 12 8
63 13 7
63 14 8
63 15 8
63 16 5
64 1 3
64 2 10
64 3 2
64 4 1
64 5 12
64 6 10
64 7 15
64 8 12
64 9 5
64 10 6
64 11 3
64 12 16
64 13 14
64 14 13
64 15 14
64 16 13
64 17 19
64 18 1
64 19 6
64 20 4
64 21 8
64 22 16
64 23 14
64 24 13
64 25 7
64 26 7
64 27 6
64 28 19
64 29 14
65 1 1
65 2 1
65 3 1
66 1 29
66 2 29
66 3 29
66 4 29
66 5 29
66 6 29
66 7 29
66 8 29
66 9 29
66 10 29
66 11 29
66 12 29
66 13 29
66 14 29
66 15 29
66 16 29
66 17 29
66 18 29
66 19 29
66 20 29
66 21 29
66 22 29
66 23 29
66 24 29
66 25 29
66 26 29
66 27 29
67 1 1
67 2 1
68 1 1
68 2 4
68 3 4
68 4 21
68 5 13
68 6 13
68 7 18
68 8 24
68 9 5
68 10 12
68 11 5
68 12 15
68 13 24
68 14 27
68 15 24
68 16 16
68 17 26
68 18 23
68 19 27
68 20 13
68 21 5
68 22 26
68 23 10
68 24 26
68 25 24
68 26 23
69 1 28
69 2 28
69 3 28
69 4 28
69 5 28
69 6 28
69 7 28
69 8 28
69 9 28
69 10 28
69 11 28
69 12 28
69 13 28
69 14 28
69 15 28
69 16 28
69 17 28
69 18 28
69 19 28
69 20 28
69 21 28
69 22 28
69 23 28
69 24 28
69 25 28
69 26 28
69 27 28
69 28 28
70 1 18
70 2 18
70 3 18
70 4 18
70 5 18
70 6 18
70 7 18
70 8 18
70 9 18
70 10 18
70 11 18
70 12 18
70 13 18
70 14 18
70 15 18
70 16 18
71 1 13
71 2 13
71 3 13
71 4 13
71 5 13
71 6 13
71 7 13
71 8 13
71 9 13
71 10 13
71 11 13
71 12 13
71 13 13
71 14 13
71 15 13
71 16 13
71 17 13
71 18 13
71 19 13
71 20 13
72 1 29
72 2 29
72 3 29
72 4 29
72 5 29
72 6 29
72 7 29
72 8 29
72 9 29
72 10 29
72 11 29
72 12 29
72 13 29
72 14 29
72 15 29
72 16 29
72 17 29
72 18 29
72 19 29
72 20 29
72 21 29
72 22 29
72 23 29
72 24 29
72 25 29
72 26 29
72 27 29
72 28 29
72 29 29
73 1 12
73 2 7
73 3 7
73 4 5
73 5 12
73 6 7
73 7 11
73 8 2
73 9 1
73 10 1
73 11 8
73 12 5
73 13 7
73 14 2
73 15 9
73 16 11
73 17 1
73 18 1
74 1 1
74 2 13
74 3 1
74 4 3
74 5 11
74 6 5
74 7 10
74 8 15
74 9 5
74 10 3
74 11 9
74 12 15
74 13 5
74 14 14
74 15 16
74 16 11
74 17 7
74 18 4
74 19 16
74 20 2
75 1 17
75 2 17
75 3 17
75 4 17
75 5 17
75 6 17
75 7 17
75 8 17
75 9 17
75 10 17
75 11 17
75 12 17
75 13 17
75 14 17
75 15 17
75 16 17
76 1 11
76 2 11
76 3 11
76 4 11
76 5 11
76 6 11
76 7 11
76 8 11
76 9 11
77 1 1
77 2 3
77 3 4
77 4 2
77 5 2
78 1 8
78 2 8
78 3 8
78 4 8
78 5 8
78 6 8
78 7 8
78 8 8
78 9 8
78 10 8
79 1 1
79 2 1
80 1 2
80 2 8
80 3 13
80 4 1
80 5 12
80 6 4
80 7 18
80 8 4
80 9 5
80 10 13
80 11 16
80 12 16
80 13 14
80 14 11
80 15 16
80 16 16
80 17 9
80 18 14
80 19 9
80 20 14
80 21 11
80 22 6
80 23 12
80 24 7
81 1 2
81 2 1
81 3 6
81 4 2
81 5 4
81 6 8
81 7 3
81 8 4
81 9 8
81 10 11
81 11 10
81 12 8
81 13 11
81 14 2
82 1 22
82 2 22
82 3 22
82 4 22
82 5 22
82 6 22
82 7 22
82 8 22
82 9 22
82 10 22
82 11 22
82 12 22
82 13 22
82 14 22
82 15 22
82 16 22
82 17 22
82 18 22
82 19 22
82 20 22
82 21 22
82 22 22
82 23 22
83 1 20
83 2 20
83 3 20
83 4 20
83 5 20
83 6 20
83 7 20
83 8 20
83 9 20
83 10 20
83 11 20
83 12 20
83 13 20
83 14 20
83 15 20
83 16 20
83 17 20
83 18 20
83 19 20
83 20 20
83 21 20
83 22 20
83 23 20
83 24 20
83 25 20
83 26 20
83 27 20
83 28 20
83 29 20
83 30 20
84 1 27
84 2 27
84 3 27
84 4 27
84 5 27
84 6 27
84 7 27
84 8 27
84 9 27
84 10 27
84 11 27
84 12 27
84 13 27
84 14 27
84 15 27
84 16 27
84 17 27
84 18 27
84 19 27
84 20 27
84 21 27
84 22 27
84 23 27
84 24 27
85 1 14
85 2 14
85 3 14
85 4 14
85 5 14
85 6 14
85 7 14
85 8 14
85 9 14
85 10 14
85 11 14
85 12 14
85 13 14
85 14 14
86 1 1
86 2 4
86 3 14
86 4 14
86 5 10
86 6 1
86 7 14
86 8 14
86 9 13
86 10 4
86 11 11
86 12 6
86 13 13
86 14 1
86 15 7
86 16 8
86 17 9
86 18 12
86 19 13
86 20 9
86 21 4
87 1 1
87 2 12
87 3 8
87 4 2
87 5 4
87 6 8
87 7 5
87 8 10
87 9 7
87 10 6
87 11 10
87 12 10
87 13 9
87 14 5
87 15 12
87 16 7
87 17 3
88 1 2
88 2 5
88 3 1
88 4 7
88 5 1
88 6 3
88 7 1
88 8 13
88 9 1
88 10 6
88 11 5
88 12 1
88 13 13
88 14 6
88 15 10
88 16 12
88 17 8
88 18 5
88 19 11
88 20 11
88 21 3
88 22 11
89 1 25
89 2 25
89 3 25
89 4 25
89 5 25
89 6 25
89 7 25
89 8 25
89 9 25
89 10 25
89 11 25
89 12 25
89 13 25
89 14 25
89 15 25
89 16 25
89 17 25
89 18 25
89 19 25
89 20 25
89 21 25
89 22 25
89 23 25
89 24 25
89 25 25
89 26 25
90 1 15
90 2 15
90 3 15
90 4 15
90 5 15
90 6 15
90 7 15
90 8 15
90 9 15
90 10 15
90 11 15
90 12 15
90 13 15
90 14 15
90 15 15
90 16 15
90 17 15
90 18 15
90 19 15
90 20 15
90 21 15
90 22 15
91 1 1
91 2 3
91 3 4
91 4 8
91 5 9
91 6 7
91 7 15
91 8 14
91 9 7
91 10 15
91 11 4
91 12 8
91 13 7
91 14 4
91 15 14
91 16 2
92 1 20
92 2 20
92 3 20
92 4 20
92 5 20
92 6 20
92 7 20
92 8 20
92 9 20
92 10 20
92 11 20
92 12 20
92 13 20
92 14 20
92 15 20
92 16 20
92 17 20
92 18 20
92 19 20
93 1 23
93 2 23
93 3 23
93 4 23
93 5 23
93 6 23
93 7 23
93 8 23
93 9 23
93 10 23
93 11 23
93 12 23
93 13 23
93 14 23
93 15 23
93 16 23
93 17 23
93 18 23
93 19 23
93 20 23
93 21 23
93 22 23
94 1 25
94 2 25
94 3 25
94 4 25
94 5 25
94 6 25
94 7 25
94 8 25
94 9 25
94 10 25
94 11 25
94 12 25
94 13 25
94 14 25
94 15 25
94 16 25
94 17 25
94 18 25
94 19 25
94 20 25
94 21 25
94 22 25
94 23 25
94 24 25
95 1 17
95 2 17
95 3 17
95 4 17
95 5 17
95 6 17
95 7 17
95 8 17
95 9 17
95 10 17
95 11 17
95 12 17
95 13 17
95 14 17
95 15 17
95 16 17
96 1 12
96 2 12
96 3 12
96 4 12
96 5 12
96 6 12
96 7 12
96 8 12
96 9 12
96 10 12
96 11 12
96 12 12
96 13 12
96 14 12
97 1 23
97 2 23
97 3 23
97 4 23
97 5 23
97 6 23
97 7 23
97 8 23
97 9 23
97 10 23
97 11 23
97 12 23
97 13 23
97 14 23
97 15 23
97 16 23
97 17 23
97 18 23
97 19 23
97 20 23
97 21 23
97 22 23
98 1 17
98 2 6
98 3 3
98 4 3
98 5 5
98 6 7
98 7 16
98 8 11
98 9 4
98 10 8
98 11 14
98 12 11
98 13 16
98 14 11
98 15 11
98 16 15
98 17 16
98 18 13
98 19 5
98 20 2
98 21 11
98 22 9
99 1 4
99 2 2
99 3 4
99 4 1
99 5 1
100 1 30
100 2 30
100 3 30
100 4 30
100 5 30
100 6 30
100 7 30
100 8 30
100 9 30
100 10 30
100 11 30
100 12 30
100 13 30
100 14 30
100 15 30
100 16 30
100 17 30
100 18 30
100 19 30
100 20 30
100 21 30
100 22 30
100 23 30
100 24 30
100 25 30
100 26 30
100 27 30
100 28 30
100 29 30
101 1 2
101 2 6
101 3 8
101 4 8
101 5 3
101 6 5
101 7 8
101 8 3
101 9 2
102 1 6
102 2 2
102 3 6
102 4 14
102 5 11
102 6 9
102 7 11
102 8 5
102 9 7
102 10 9
102 11 5
102 12 4
102 13 4
102 14 2
103 1 23
103 2 23
103 3 23
103 4 23
103 5 23
103 6 23
103 7 23
103 8 23
103 9 23
103 10 23
103 11 23
103 12 23
103 13 23
103 14 23
103 15 23
103 16 23
103 17 23
103 18 23
103 19 23
103 20 23
103 21 23
103 22 23
103 23 23
103 24 23
103 25 23
103 26 23
104 1 4
104 2 6
104 3 12
104 4 2
104 5 5
104 6 2
104 7 1
104 8 6
104 9 8
104 10 11
104 11 11
104 12 12
104 13 6
104 14 10
105 1 3
105 2 6
105 3 3
105 4 6
105 5 6
105 6 8
105 7 2
105 8 4
105 9 5
105 10 4
105 11 6
105 12 4
105 13 1
105 14 3
105 15 4
105 16 3
105 17 9
106 1 3
106 2 13
106 3 1
106 4 5
106 5 8
106 6 13
106 7 10
106 8 11
106 9 11
106 10 13
106 11 12
106 12 10
106 13 11
106 14 12
106 15 7
106 16 13
106 17 4
107 1 22
107 2 22
107 3 22
107 4 22
107 5 22
107 6 22
107 7 22
107 8 22
107 9 22
107 10 22
107 11 22
107 12 22
107 13 22
107 14 22
107 15 22
107 16 22
107 17 22
107 18 22
107 19 22
107 20 22
107 21 22
107 22 22
107 23 22
107 24 22
107 25 22
107 26 22
107 27 22
107 28 22
107 29 22
107 30 22
108 1 21
108 2 21
108 3 21
108 4 21
108 5 21
108 6 21
108 7 21
108 8 21
108 9 21
108 10 21
108 11 21
108 12 21
108 13 21
108 14 21
108 15 21
108 16 21
108 17 21
108 18 21
108 19 21
108 20 21
108 21 21
108 22 21
108 23 21
108 24 21
109 1 19
109 2 19
109 3 19
109 4 19
109 5 19
109 6 19
109 7 19
109 8 19
109 9 19
109 10 19
109 11 19
109 12 19
109 13 19
109 14 19
109 15 19
109 16 19
109 17 19
109 18 19
109 19 19
109 20 19
109 21 19
109 22 19
109 23 19
110 1 8
110 2 8
110 3 8
110 4 8
110 5 8
110 6 8
110 7 8
111 1 13
111 2 13
111 3 13
111 4 13
111 5 13
111 6 13
111 7 13
111 8 13
111 9 13
111 10 13
111 11 13
111 12 13
111 13 13
111 14 13
111 15 13
112 1 13
112 2 19
112 3 20
112 4 1
112 5 5
112 6 17
112 7 15
112 8 17
112 9 13
112 10 17
112 11 22
112 12 21
112 13 23
112 14 14
112 15 9
112 16 21
112 17 22
112 18 14
112 19 20
112 20 15
112 21 6
112 22 19
112 23 15
112 24 20
112 25 21
112 26 19
112 27 7
113 1 1
113 2 2
113 3 5
113 4 5
113 5 1
113 6 4
114 1 25
114 2 25
114 3 25
114 4 25
114 5 25
114 6 25
114 7 25
114 8 25
114 9 25
114 10 25
114 11 25
114 12 25
114 13 25
114 14 25
114 15 25
114 16 25
114 17 25
114 18 25
114 19 25
114 20 25
114 21 25
114 22 25
114 23 25
114 24 25
114 25 25
114 26 25
115 1 9
115 2 9
115 3 9
115 4 9
115 5 9
115 6 9
115 7 9
115 8 9
115 9 9
115 10 9
116 1 4
116 2 5
116 3 3
116 4 4
116 5 4
116 6 2
117 1 21
117 2 21
117 3 21
117 4 21
117 5 21
117 6 21
117 7 21
117 8 21
117 9 21
117 10 21
117 11 21
117 12 21
117 13 21
117 14 21
117 15 21
117 16 21
117 17 21
117 18 21
117 19 21
117 20 21
117 21 21
117 22 21
118 1 6
118 2 3
118 3 7
118 4 12
118 5 2
118 6 2
118 7 7
118 8 8
118 9 12
118 10 10
118 11 2
118 12 12
118 13 4
118 14 5
118 15 3
118 16 11
119 1 26
119 2 26
119 3 26
119 4 26
119 5 26
119 6 26
119 7 26
119 8 26
119 9 26
119 10 26
119 11 26
119 12 26
119 13 26
119 14 26
119 15 26
119 16 26
119 17 26
119 18 26
119 19 26
119 20 26
119 21 26
119 22 26
119 23 26
119 24 26
119 25 26
119 26 26
119 27 26
119 28 26
120 1 1
120 2 2
120 3 6
120 4 6
120 5 7
120 6 2
120 7 4
120 8 5
120 9 6
120 10 1
121 1 23
121 2 23
121 3 23
121 4 23
121 5 23
121 6 23
121 7 23
121 8 23
121 9 23
121 10 23
121 11 23
121 12 23
121 13 23
121 14 23
121 15 23
121 16 23
121 17 23
121 18 23
122 1 1
122 2 13
122 3 1
122 4 3
122 5 14
122 6 8
122 7 12
122 8 7
122 9 5
122 10 13
122 11 8
122 12 5
122 13 9
122 14 9
122 15 1
122 16 13
122 17 7
122 18 10
122 19 6
122 20 11
122 21 9
122 22 9
122 23 14
122 24 11
122 25 16
122 26 15
122 27 11
123 1 15
123 2 8
123 3 6
123 4 2
123 5 6
123 6 13
123 7 13
123 8 11
123 9 11
123 10 14
123 11 19
123 12 8
123 13 16
123 14 1
123 15 18
123 16 2
123 17 21
123 18 12
123 19 11
123 20 5
123 21 22
123 22 7
123 23 10
124 1 1
124 2 1
125 1 1
125 2 5
125 3 4
125 4 9
125 5 14
125 6 22
125 7 17
125 8 24
125 9 6
125 10 10
125 11 13
125 12 5
125 13 25
125 14 22
125 15 21
125 16 9
125 17 20
125 18 6
125 19 13
125 20 9
125 21 24
125 22 11
125 23 9
125 24 24
125 25 2
126 1 15
126 2 15
126 3 15
126 4 15
126 5 15
126 6 15
126 7 15
126 8 15
126 9 15
126 10 15
126 11 15
126 12 15
126 13 15
126 14 15
127 1 16
127 2 5
127 3 1
127 4 3
127 5 24
127 6 21
127 7 18
127 8 7
127 9 13
127 10 2
127 11 10
127 12 13
127 13 5
127 14 15
127 15 16
127 16 18
127 17 20
127 18 18
127 19 8
127 20 3
127 21 25
127 22 24
127 23 18
127 24 22
128 1 20
128 2 20
128 3 20
128 4 20
128 5 20
128 6 20
128 7 20
128 8 20
128 9 20
128 10 20
128 11 20
128 12 20
128 13 20
128 14 20
128 15 20
128 16 20
128 17 20
128 18 20
128 19 20
128 20 20
128 21 20
128 22 20
128 23 20
128 24 20
128 25 20
128 26 20
129 1 6
129 2 1
129 3 2
129 4 12
129 5 1
129 6 11
129 7 7
129 8 9
129 9 17
129 10 11
129 11 1
129 12 9
129 13 15
129 14 16
129 15 1
129 16 7
129 17 3
129 18 16
129 19 13
130 1 12
130 2 12
130 3 12
130 4 12
130 5 12
130 6 12
130 7 12
130 8 12
130 9 12
130 10 12
131 1 24
131 2 24
131 3 24
131 4 24
131 5 24
131 6 24
131 7 24
131 8 24
131 9 24
131 10 24
131 11 24
131 12 24
131 13 24
131 14 24
131 15 24
131 16 24
131 17 24
131 18 24
131 19 24
132 1 1
132 2 10
132 3 10
132 4 4
132 5 6
132 6 4
132 7 10
132 8 7
132 9 6
132 10 2
132 11 4
133 1 6
133 2 7
133 3 1
133 4 1
133 5 6
133 6 4
133 7 2
133 8 2
133 9 6
133 10 2
133 11 1
134 1 1
134 2 11
134 3 12
134 4 3
134 5 4
134 6 1
134 7 5
134 8 6
134 9 7
134 10 7
134 11 11
134 12 2
134 13 11
134 14 13
134 15 11
134 16 12
134 17 8
135 1 7
135 2 7
135 3 7
135 4 7
135 5 7
135 6 7
135 7 7
135 8 7
135 9 7
135 10 7
135 11 7
135 12 7
136 1 18
136 2 18
136 3 18
136 4 18
136 5 18
136 6 18
136 7 18
136 8 18
136 9 18
136 10 18
136 11 18
136 12 18
136 13 18
136 14 18
136 15 18
137 1 20
137 2 20
137 3 20
137 4 20
137 5 20
137 6 20
137 7 20
137 8 20
137 9 20
137 10 20
137 11 20
137 12 20
137 13 20
137 14 20
137 15 20
137 16 20
137 17 20
137 18 20
138 1 7
138 2 7
138 3 7
138 4 7
138 5 7
138 6 7
138 7 7
138 8 7
138 9 7
138 10 7
139 1 13
139 2 13
139 3 13
139 4 13
139 5 13
139 6 13
139 7 13
139 8 13
139 9 13
139 10 13
139 11 13
139 12 13
139 13 13
139 14 13
139 15 13
139 16 13
139 17 13
139 18 13
140 1 12
140 2 12
140 3 12
140 4 12
140 5 12
140 6 12
140 7 12
140 8 12
140 9 12
140 10 12
140 11 12
141 1 1
141 2 10
141 3 2
141 4 3
141 5 11
141 6 15
141 7 1
141 8 16
141 9 18
141 10 15
141 11 15
141 12 18
141 13 12
141 14 1
141 15 13
141 16 9
141 17 15
141 18 17
141 19 17
142 1 16
142 2 18
142 3 2
142 4 15
142 5 7
142 6 13
142 7 5
142 8 4
142 9 8
142 10 19
142 11 12
142 12 15
142 13 12
142 14 1
142 15 13
142 16 18
142 17 18
142 18 14
142 19 18
142 20 14
142 21 14
142 22 12
142 23 11
143 1 2
143 2 5
143 3 8
143 4 6
143 5 6
143 6 6
143 7 4
143 8 2
143 9 1
144 1 27
144 2 27
144 3 27
144 4 27
144 5 27
144 6 27
144 7 27
144 8 27
144 9 27
144 10 27
144 11 27
144 12 27
144 13 27
144 14 27
144 15 27
144 16 27
144 17 27
144 18 27
144 19 27
144 20 27
144 21 27
144 22 27
144 23 27
144 24 27
144 25 27
144 26 27
145 1 1
145 2 3
145 3 2
145 4 3
145 5 1
146 1 7
146 2 7
146 3 4
146 4 10
146 5 7
146 6 5
146 7 1
146 8 1
146 9 6
146 10 10
146 11 5
146 12 1
146 13 2
147 1 13
147 2 13
147 3 13
147 4 13
147 5 13
147 6 13
147 7 13
147 8 13
147 9 13
148 1 24
148 2 24
148 3 24
148 4 24
148 5 24
148 6 24
148 7 24
148 8 24
148 9 24
148 10 24
148 11 24
148 12 24
148 13 24
148 14 24
148 15 24
148 16 24
148 17 24
148 18 24
148 19 24
148 20 24
148 21 24
148 22 24
148 23 24
148 24 24
148 25 24
148 26 24
148 27 24
148 28 24
148 29 24
148 30 24
149 1 1
149 2 13
149 3 7
149 4 1
149 5 4
149 6 9
149 7 5
149 8 14
149 9 7
149 10 6
149 11 12
149 12 2
149 13 12
149 14 3
149 15 11
149 16 12
149 17 3
149 18 5
149 19 7
150 1 27
150 2 27
150 3 27
150 4 27
150 5 27
150 6 27
150 7 27
150 8 27
150 9 27
150 10 27
150 11 27
150 12 27
150 13 27
150 14 27
150 15 27
150 16 27
150 17 27
150 18 27
150 19 27
150 20 27
150 21 27
150 22 27
150 23 27
150 24 27
150 25 27
150 26 27
150 27 27
150 28 27
150 29 27
151 1 10
151 2 8
151 3 12
151 4 12
151 5 10
151 6 3
151 7 1
151 8 9
151 9 4
151 10 8
151 11 3
151 12 10
151 13 7
151 14 8
151 15 6
151 16 4
151 17 3
152 1 9
152 2 9
152 3 9
152 4 9
152 5 9
152 6 9
152 7 9
152 8 9
152 9 9
152 10 9
152 11 9
152 12 9
152 13 9
153 1 21
153 2 1
153 3 6
153 4 16
153 5 4
153 6 19
153 7 16
153 8 13
153 9 13
153 10 10
153 11 19
153 12 9
153 13 14
153 14 14
153 15 15
153 16 3
153 17 20
154 1 17
154 2 17
154 3 17
154 4 17
154 5 17
154 6 17
154 7 17
154 8 17
154 9 17
154 10 17
154 11 17
154 12 17
154 13 17
154 14 17
154 15 17
154 16 17
154 17 17
154 18 17
155 1 20
155 2 20
155 3 20
155 4 20
155 5 20
155 6 20
155 7 20
155 8 20
155 9 20
155 10 20
155 11 20
155 12 20
155 13 20
155 14 20
155 15 20
155 16 20
155 17 20
155 18 20
155 19 20
155 20 20
155 21 20
155 22 20
155 23 20
155 24 20
155 25 20
155 26 20
155 27 20
156 1 2
156 2 2
156 3 4
156 4 3
156 5 4
156 6 2
156 7 5
156 8 2
156 9 3
157 1 16
157 2 5
157 3 17
157 4 15
157 5 7
157 6 7
157 7 10
157 8 12
157 9 17
157 10 13
157 11 5
157 12 12
157 13 7
157 14 1
157 15 17
157 16 13
157 17 10
157 18 18
157 19 6
157 20 13
157 21 9
157 22 16
157 23 11
158 1 7
158 2 1
158 3 3
158 4 4
158 5 1
158 6 4
158 7 7
158 8 1
158 9 8
159 1 13
159 2 13
159 3 13
159 4 13
159 5 13
159 6 13
159 7 13
159 8 13
159 9 13
159 10 13
159 11 13
159 12 13
159 13 13
160 1 1
160 2 1
160 3 1
160 4 3
161 1 8
161 2 4
161 3 9
161 4 8
161 5 13
161 6 6
161 7 3
161 8 5
161 9 5
161 10 4
161 11 12
161 12 5
161 13 8
161 14 12
161 15 8
161 16 14
162 1 5
162 2 7
162 3 5
162 4 6
162 5 5
162 6 14
162 7 9
162 8 3
162 9 10
162 10 15
162 11 15
162 12 10
162 13 11
162 14 14
162 15 19
162 16 6
162 17 16
162 18 8
162 19 2
162 20 14
162 21 18
162 22 2
162 23 15
162 24 7
163 1 8
163 2 1
163 3 6
163 4 10
163 5 3
163 6 12
163 7 9
163 8 10
163 9 10
163 10 2
163 11 12
163 12 9
164 1 12
164 2 4
164 3 18
164 4 11
164 5 18
164 6 9
164 7 16
164 8 13
164 9 11
164 10 22
164 11 5
164 12 5
164 13 4
164 14 4
164 15 23
164 16 3
164 17 11
164 18 14
164 19 20
164 20 7
164 21 16
164 22 15
164 23 20
164 24 21
164 25 13
164 26 1
164 27 10
164 28 4
164 29 8
165 1 1
165 2 14
165 3 9
165 4 4
165 5 10
165 6 8
165 7 7
165 8 7
165 9 9
165 10 17
165 11 3
165 12 10
165 13 20
165 14 13
165 15 6
165 16 18
165 17 20
165 18 6
166 1 25
166 2 25
166 3 25
166 4 25
166 5 25
166 6 25
166 7 25
166 8 25
166 9 25
166 10 25
166 11 25
166 12 25
166 13 25
166 14 25
166 15 25
166 16 25
166 17 25
166 18 25
166 19 25
166 20 25
166 21 25
166 22 25
166 23 25
166 24 25
166 25 25
166 26 25
166 27 25
167 1 4
167 2 2
167 3 1
167 4 2
167 5 3
167 6 3
167 7 1
167 8 1
168 1 27
168 2 27
168 3 27
168 4 27
168 5 27
168 6 27
168 7 27
168 8 27
168 9 27
168 10 27
168 11 27
168 12 27
168 13 27
168 14 27
168 15 27
168 16 27
168 17 27
168 18 27
168 19 27
168 20 27
168 21 27
168 22 27
168 23 27
168 24 27
168 25 27
168 26 27
168 27 27
168 28 27
168 29 27
169 1 22
169 2 22
169 3 22
169 4 22
169 5 22
169 6 22
169 7 22
169 8 22
169 9 22
169 10 22
169 11 22
169 12 22
169 13 22
169 14 22
169 15 22
169 16 22
169 17 22
169 18 22
169 19 22
169 20 22
169 21 22
169 22 22
169 23 22
169 24 22
169 25 22
169 26 22
169 27 22
169 28 22
170 1 8
170 2 8
170 3 8
170 4 8
170 5 8
170 6 8
170 7 8
170 8 8
171 1 13
171 2 8
171 3 4
171 4 11
171 5 11
171 6 7
171 7 11
171 8 11
171 9 5
171 10 16
171 11 13
171 12 6
171 13 17
171 14 7
171 15 4
171 16 3
171 17 1
171 18 7
171 19 14
171 20 17
171 21 8
171 22 4
171 23 2
172 1 6
172 2 6
172 3 19
172 4 8
172 5 14
172 6 23
172 7 20
172 8 23
172 9 8
172 10 1
172 11 4
172 12 9
172 13 4
172 14 11
172 15 22
172 16 8
172 17 17
172 18 6
172 19 4
172 20 6
172 21 22
172 22 8
172 23 20
172 24 20
172 25 1
172 26 16
173 1 12
173 2 9
173 3 8
173 4 8
173 5 8
173 6 5
173 7 5
173 8 11
173 9 12
173 10 4
173 11 2
173 12 4
174 1 1
174 2 2
174 3 7
174 4 15
174 5 18
174 6 17
174 7 19
174 8 7
174 9 9
174 10 5
174 11 18
174 12 7
174 13 11
174 14 7
174 15 14
174 16 6
174 17 16
174 18 19
174 19 18
174 20 20
174 21 19
174 22 4
174 23 6
174 24 12
175 1 1
175 2 3
175 3 6
175 4 5
175 5 2
175 6 5
175 7 6
175 8 1
176 1 21
176 2 21
176 3 21
176 4 21
176 5 21
176 6 21
176 7 21
176 8 21
176 9 21
176 10 21
176 11 21
176 12 21
176 13 21
176 14 21
176 15 21
176 16 21
176 17 21
176 18 21
176 19 21
176 20 21
176 21 21
176 22 21
176 23 21
176 24 21
176 25 21
176 26 21
176 27 21
176 28 21
177 1 12
177 2 12
177 3 12
177 4 12
177 5 12
177 6 12
177 7 12
177 8 12
177 9 12
177 10 12
177 11 12
178 1 1
178 2 10
178 3 2
178 4 3
178 5 2
178 6 7
178 7 13
178 8 12
178 9 13
178 10 13
178 11 8
178 12 9
178 13 11
178 14 12
178 15 4
178 16 7
178 17 9
179 1 6
179 2 1
179 3 6
179 4 6
179 5 3
179 6 3
180 1 6
180 2 6
180 3 6
180 4 4
180 5 4
180 6 5
180 7 5
180 8 2
181 1 5
181 2 2
181 3 4
181 4 1
181 5 5
181 6 5
181 7 10
181 8 10
181 9 13
181 10 11
181 11 1
181 12 5
181 13 4
181 14 12
182 1 8
182 2 5
182 3 11
182 4 14
182 5 8
182 6 5
182 7 17
182 8 11
182 9 7
182 10 6
182 11 15
182 12 12
182 13 3
182 14 9
182 15 12
182 16 11
182 17 2
182 18 16
182 19 16
182 20 4
183 1 1
183 2 3
183 3 3
183 4 4
183 5 4
183 6 2
184 1 4
184 2 2
184 3 7
184 4 2
184 5 6
184 6 2
185 1 7
185 2 3
185 3 2
185 4 3
185 5 2
185 6 8
185 7 1
185 8 8
185 9 3
186 1 12
186 2 12
186 3 12
186 4 12
186 5 12
186 6 12
186 7 12
186 8 12
186 9 12
186 10 12
186 11 12
186 12 12
186 13 12
186 14 12
186 15 12
187 1 19
187 2 19
187 3 19
187 4 19
187 5 19
187 6 19
187 7 19
187 8 19
187 9 19
187 10 19
187 11 19
187 12 19
187 13 19
187 14 19
187 15 19
187 16 19
187 17 19
187 18 19
188 1 1
188 2 2
188 3 10
188 4 10
188 5 9
188 6 2
188 7 5
188 8 9
188 9 2
188 10 6
188 11 5
188 12 2
188 13 3
188 14 4
188 15 9
188 16 4
188 17 8
189 1 1
189 2 17
189 3 2
189 4 18
189 5 4
189 6 11
189 7 1
189 8 13
189 9 8
189 10 6
189 11 13
189 12 17
189 13 6
189 14 11
189 15 17
189 16 3
189 17 9
189 18 13
189 19 16
189 20 4
190 1 15
190 2 15
190 3 15
190 4 15
190 5 15
190 6 15
190 7 15
190 8 15
190 9 15
190 10 15
190 11 15
190 12 15
190 13 15
190 14 15
190 15 15
190 16 15
190 17 15
190 18 15
190 19 15
190 20 15
191 1 2
191 2 2
191 3 1
191 4 4
191 5 5
192 1 11
192 2 11
192 3 11
192 4 11
192 5 11
192 6 11
192 7 11
192 8 11
192 9 11
192 10 11
192 11 11
192 12 11
193 1 22
193 2 22
193 3 22
193 4 22
193 5 22
193 6 22
193 7 22
193 8 22
193 9 22
193 10 22
193 11 22
193 12 22
193 13 22
193 14 22
193 15 22
193 16 22
193 17 22
193 18 22
193 19 22
193 20 22
193 21 22
193 22 22
193 23 22
193 24 22
193 25 22
193 26 22
193 27 22
193 28 22
193 29 22
194 1 12
194 2 12
194 3 12
194 4 12
194 5 12
194 6 12
194 7 12
194 8 12
194 9 12
194 10 12
194 11 12
194 12 12
195 1 18
195 2 18
195 3 18
195 4 18
195 5 18
195 6 18
195 7 18
195 8 18
195 9 18
195 10 18
195 11 18
195 12 18
195 13 18
195 14 18
195 15 18
195 16 18
195 17 18
196 1 21
196 2 21
196 3 21
196 4 21
196 5 21
196 6 21
196 7 21
196 8 21
196 9 21
196 10 21
196 11 21
196 12 21
196 13 21
196 14 21
196 15 21
196 16 21
196 17 21
196 18 21
196 19 21
196 20 21
197 1 21
197 2 21
197 3 21
197 4 21
197 5 21
197 6 21
197 7 21
197 8 21
197 9 21
197 10 21
197 11 21
197 12 21
197 13 21
197 14 21
197 15 21
197 16 21
197 17 21
197 18 21
197 19 21
197 20 21
197 21 21
197 22 21
197 23 21
197 24 21
198 1 6
198 2 2
198 3 11
198 4 11
198 5 6
198 6 10
198 7 10
198 8 4
198 9 13
198 10 10
198 11 9
198 12 8
198 13 4
198 14 3
198 15 6
198 16 11
198 17 14
199 1 2
199 2 2
199 3 4
199 4 2
199 5 2
199 6 5
200 1 6
200 2 4
200 3 6
200 4 8
200 5 7
200 6 8
200 7 11
200 8 7
200 9 8
200 10 4
200 11 8
200 12 2
200 13 1
200 14 1
201 1 8
201 2 1
201 3 6
201 4 9
201 5 1
201 6 4
201 7 5
201 8 1
201 9 3
202 1 24
202 2 24
202 3 24
202 4 24
202 5 24
202 6 24
202 7 24
202 8 24
202 9 24
202 10 24
202 11 24
202 12 24
202 13 24
202 14 24
202 15 24
202 16 24
202 17 24
202 18 24
202 19 24
202 20 24
202 21 24
202 22 24
202 23 24
202 24 24
203 1 3
203 2 5
203 3 16
203 4 4
203 5 16
203 6 12
203 7 6
203 8 2
203 9 4
204 1 14
204 2 14
204 3 14
204 4 14
204 5 14
204 6 14
204 7 14
204 8 14
204 9 14
204 10 14
204 11 14
204 12 14
204 13 14
204 14 14
204 15 14
204 16 14
204 17 14
204 18 14
205 1 8
205 2 6
205 3 14
205 4 9
205 5 10
205 6 9
205 7 9
205 8 8
205 9 8
205 10 12
205 11 10
205 12 11
205 13 12
205 14 13
206 1 1
206 2 1
206 3 2
206 4 8
206 5 4
206 6 5
206 7 5
206 8 10
206 9 10
207 1 2
207 2 2
207 3 5
207 4 3
207 5 5
207 6 2
207 7 3
207 8 6
208 1 20
208 2 20
208 3 20
208 4 20
208 5 20
208 6 20
208 7 20
208 8 20
208 9 20
208 10 20
208 11 20
208 12 20
208 13 20
208 14 20
208 15 20
208 16 20
208 17 20
208 18 20
208 19 20
208 20 20
208 21 20
208 22 20
208 23 20
208 24 20
209 1 10
209 2 10
209 3 10
209 4 10
209 5 10
209 6 10
209 7 10
209 8 10
209 9 10
209 10 10
209 11 10
209 12 10
209 13 10
209 14 10
209 15 10
210 1 1
210 2 2
210 3 8
210 4 9
210 5 3
210 6 9
210 7 3
210 8 11
210 9 8
211 1 12
211 2 12
211 3 12
211 4 12
211 5 12
211 6 12
211 7 12
211 8 12
211 9 12
211 10 12
211 11 12
211 12 12
212 1 13
212 2 13
212 3 13
212 4 13
212 5 13
212 6 13
212 7 13
212 8 13
212 9 13
212 10 13
212 11 13
212 12 13
213 1 1
213 2 1
213 3 1
214 1 14
214 2 14
214 3 14
214 4 14
214 5 14
214 6 14
214 7 14
214 8 14
214 9 14
214 10 14
214 11 14
214 12 14
214 13 14
214 14 14
215 1 17
215 2 7
215 3 5
215 4 19
215 5 20
215 6 4
215 7 20
215 8 7
215 9 9
215 10 17
215 11 17
215 12 14
215 13 15
215 14 14
215 15 4
215 16 8
215 17 16
215 18 3
215 19 17
215 20 10
215 21 18
215 22 22
215 23 10
215 24 22
215 25 16
216 1 18
216 2 18
216 3 18
216 4 18
216 5 18
216 6 18
216 7 18
216 8 18
216 9 18
216 10 18
216 11 18
216 12 18
216 13 18
216 14 18
216 15 18
217 1 26
217 2 26
217 3 26
217 4 26
217 5 26
217 6 26
217 7 26
217 8 26
217 9 26
217 10 26
217 11 26
217 12 26
217 13 26
217 14 26
217 15 26
217 16 26
217 17 26
217 18 26
217 19 26
217 20 26
217 21 26
217 22 26
217 23 26
217 24 26
217 25 26
217 26 26
217 27 26
218 1 3
218 2 2
218 3 3
218 4 1
219 1 3
219 2 9
219 3 1
219 4 4
219 5 14
219 6 7
219 7 6
219 8 12
219 9 3
219 10 5
219 11 11
219 12 14
219 13 8
219 14 8
219 15 10
219 16 13
219 17 6
219 18 8
219 19 9
220 1 20
220 2 20
220 3 20
220 4 20
220 5 20
220 6 20
220 7 20
220 8 20
220 9 20
220 10 20
220 11 20
220 12 20
220 13 20
220 14 20
220 15 20
220 16 20
220 17 20
220 18 20
220 19 20
220 20 20
221 1 4
221 2 3
221 3 2
221 4 2
221 5 8
221 6 5
221 7 10
221 8 12
221 9 8
221 10 13
221 11 1
221 12 7
221 13 8
221 14 9
221 15 12
221 16 6
221 17 6
221 18 7
221 19 7
221 20 12
221 21 11
222 1 26
222 2 26
222 3 26
222 4 26
222 5 26
222 6 26
222 7 26
222 8 26
222 9 26
222 10 26
222 11 26
222 12 26
222 13 26
222 14 26
222 15 26
222 16 26
222 17 26
222 18 26
222 19 26
222 20 26
222 21 26
222 22 26
222 23 26
222 24 26
222 25 26
222 26 26
222 27 26
222 28 26
222 29 26
222 30 26
223 1 5
223 2 5
223 3 5
223 4 5
223 5 5
223 6 5
223 7 5
223 8 5
223 9 5
224 1 27
224 2 27
224 3 27
224 4 27
224 5 27
224 6 27
224 7 27
224 8 27
224 9 27
224 10 27
224 11 27
224 12 27
224 13 27
224 14 27
224 15 27
224 16 27
224 17 27
224 18 27
224 19 27
224 20 27
224 21 27
224 22 27
224 23 27
224 24 27
224 25 27
224 26 27
225 1 11
225 2 11
225 3 11
225 4 11
225 5 11
225 6 11
225 7 11
225 8 11
225 9 11
225 10 11
225 11 11
226 1 19
226 2 19
226 3 19
226 4 19
226 5 19
226 6 19
226 7 19
226 8 19
226 9 19
226 10 19
226 11 19
226 12 19
226 13 19
226 14 19
226 15 19
226 16 19
226 17 19
226 18 19
226 19 19
226 20 19
226 21 19
227 1 25
227 2 25
227 3 25
227 4 25
227 5 25
227 6 25
227 7 25
227 8 25
227 9 25
227 10 25
227 11 25
227 12 25
227 13 25
227 14 25
227 15 25
227 16 25
227 17 25
227 18 25
227 19 25
227 20 25
227 21 25
227 22 25
227 23 25
227 24 25
227 25 25
227 26 25
227 27 25
227 28 25
227 29 25
227 30 25
228 1 10
228 2 15
228 3 17
228 4 9
228 5 13
228 6 18
228 7 3
228 8 5
228 9 12
228 10 4
228 11 7
228 12 7
228 13 3
228 14 6
228 15 2
228 16 6
228 17 14
228 18 11
228 19 8
228 20 6
228 21 11
228 22 7
229 1 20
229 2 20
229 3 20
229 4 20
229 5 20
229 6 20
229 7 20
229 8 20
229 9 20
229 10 20
229 11 20
229 12 20
229 13 20
229 14 20
229 15 20
229 16 20
229 17 20
229 18 20
229 19 20
229 20 20
229 21 20
229 22 20
229 23 20
229 24 20
229 25 20
229 26 20
229 27 20
230 1 24
230 2 24
230 3 24
230 4 24
230 5 24
230 6 24
230 7 24
230 8 24
230 9 24
230 10 24
230 11 24
230 12 24
230 13 24
230 14 24
230 15 24
230 16 24
230 17 24
230 18 24
230 19 24
230 20 24
230 21 24
230 22 24
230 23 24
230 24 24
231 1 27
231 2 27
231 3 27
231 4 27
231 5 27
231 6 27
231 7 27
231 8 27
231 9 27
231 10 27
231 11 27
231 12 27
231 13 27
231 14 27
231 15 27
231 16 27
231 17 27
231 18 27
231 19 27
231 20 27
231 21 27
231 22 27
231 23 27
231 24 27
231 25 27
231 26 27
231 27 27
231 28 27
231 29 27
231 30 27
232 1 9
232 2 10
232 3 2
232 4 7
232 5 11
232 6 4
232 7 5
232 8 10
232 9 10
232 10 11
232 11 3
232 12 4
232 13 3
232 14 7
232 15 6
232 16 2
232 17 7
232 18 1
232 19 5
232 20 9
233 1 28
233 2 28
233 3 28
233 4 28
233 5 28
233 6 28
233 7 28
233 8 28
233 9 28
233 10 28
233 11 28
233 12 28
233 13 28
233 14 28
233 15 28
233 16 28
233 17 28
233 18 28
233 19 28
233 20 28
233 21 28
233 22 28
233 23 28
233 24 28
233 25 28
233 26 28
233 27 28
233 28 28
233 29 28
234 1 19
234 2 19
234 3 19
234 4 19
234 5 19
234 6 19
234 7 19
234 8 19
234 9 19
234 10 19
234 11 19
234 12 19
234 13 19
234 14 19
234 15 19
234 16 19
234 17 19
234 18 19
234 19 19
234 20 19
234 21 19
234 22 19
235 1 11
235 2 2
235 3 13
235 4 20
235 5 22
235 6 25
235 7 22
235 8 16
235 9 3
235 10 10
235 11 13
235 12 23
235 13 18
235 14 15
235 15 15
235 16 17
235 17 2
235 18 25
235 19 16
235 20 4
235 21 14
235 22 22
235 23 20
235 24 6
235 25 21
235 26 11
235 27 15
235 28 1
235 29 16
235 30 19
236 1 22
236 2 22
236 3 22
236 4 22
236 5 22
236 6 22
236 7 22
236 8 22
236 9 22
236 10 22
236 11 22
236 12 22
236 13 22
236 14 22
236 15 22
236 16 22
236 17 22
236 18 22
236 19 22
236 20 22
236 21 22
236 22 22
237 1 22
237 2 22
237 3 22
237 4 22
237 5 22
237 6 22
237 7 22
237 8 22
237 9 22
237 10 22
237 11 22
237 12 22
237 13 22
237 14 22
237 15 22
237 16 22
237 17 22
237 18 22
237 19 22
237 20 22
237 21 22
237 22 22
237 23 22
237 24 22
237 25 22
238 1 3
238 2 5
238 3 7
238 4 4
238 5 5
238 6 2
238 7 2
238 8 8
238 9 2
238 10 8
238 11 5
238 12 9
238 13 12
238 14 9
238 15 8
238 16 11
238 17 8
238 18 12
238 19 11
238 20 8
238 21 6
238 22 9
238 23 10
239 1 17
239 2 17
239 3 17
239 4 17
239 5 17
239 6 17
239 7 17
239 8 17
239 9 17
239 10 17
239 11 17
239 12 17
239 13 17
239 14 17
240 1 28
240 2 28
240 3 28
240 4 28
240 5 28
240 6 28
240 7 28
240 8 28
240 9 28
240 10 28
240 11 28
240 12 28
240 13 28
240 14 28
240 15 28
240 16 28
240 17 28
240 18 28
240 19 28
240 20 28
240 21 28
240 22 28
240 23 28
241 1 10
241 2 8
241 3 16
241 4 4
241 5 6
241 6 15
241 7 14
241 8 13
241 9 5
241 10 15
241 11 10
241 12 12
241 13 10
241 14 10
241 15 11
241 16 8
241 17 6
241 18 2
242 1 3
242 2 8
242 3 2
242 4 6
242 5 13
242 6 6
242 7 11
242 8 15
242 9 9
242 10 15
242 11 7
242 12 1
242 13 1
242 14 4
242 15 16
242 16 3
243 1 16
243 2 16
243 3 16
243 4 16
243 5 16
243 6 16
243 7 16
243 8 16
243 9 16
243 10 16
243 11 16
243 12 16
243 13 16
243 14 16
243 15 16
243 16 16
244 1 7
244 2 3
244 3 7
244 4 5
244 5 7
244 6 4
244 7 4
244 8 3
245 1 24
245 2 24
245 3 24
245 4 24
245 5 24
245 6 24
245 7 24
245 8 24
245 9 24
245 10 24
245 11 24
245 12 24
245 13 24
245 14 24
245 15 24
245 16 24
245 17 24
245 18 24
245 19 24
245 20 24
245 21 24
245 22 24
246 1 8
246 2 7
246 3 2
246 4 1
246 5 10
246 6 10
246 7 5
246 8 14
246 9 15
246 10 15
246 11 10
246 12 1
246 13 11
246 14 13
246 15 14
246 16 11
246 17 5
247 1 6
247 2 5
247 3 6
247 4 6
247 5 5
247 6 1
247 7 4
247 8 5
247 9 1
247 10 2
247 11 6
247 12 3
247 13 2
247 14 1
247 15 4
248 1 10
248 2 10
248 3 10
248 4 10
248 5 10
248 6 10
248 7 10
248 8 10
248 9 10
248 10 10
248 11 10
248 12 10
248 13 10
249 1 24
249 2 24
249 3 24
249 4 24
249 5 24
249 6 24
249 7 24
249 8 24
249 9 24
249 10 24
249 11 24
249 12 24
249 13 24
249 14 24
249 15 24
249 16 24
249 17 24
249 18 24
249 19 24
249 20 24
249 21 24
249 22 24
249 23 24
249 24 24
249 25 24
249 26 24
249 27 24
249 28 24
249 29 24
250 1 21
250 2 21
250 3 21
250 4 21
250 5 21
250 6 21
250 7 21
250 8 21
250 9 21
250 10 21
250 11 21
250 12 21
250 13 21
250 14 21
250 15 21
250 16 21
250 17 21
250 18 21
250 19 21
250 20 21
250 21 21
250 22 21
250 23 21
250 24 21
251 1 6
251 2 6
251 3 6
251 4 6
251 5 6
251 6 6
251 7 6
252 1 8
252 2 1
252 3 9
252 4 1
252 5 3
252 6 2
252 7 5
252 8 10
252 9 6
252 10 9
252 11 1
252 12 6
252 13 5
252 14 4
252 15 4
252 16 6
253 1 11
253 2 9
253 3 3
253 4 11
253 5 11
253 6 9
253 7 9
253 8 5
253 9 13
253 10 12
253 11 12
253 12 5
254 1 25
254 2 25
254 3 25
254 4 25
254 5 25
254 6 25
254 7 25
254 8 25
254 9 25
254 10 25
254 11 25
254 12 25
254 13 25
254 14 25
254 15 25
254 16 25
254 17 25
254 18 25
254 19 25
254 20 25
254 21 25
254 22 25
254 23 25
254 24 25
254 25 25
254 26 25
255 1 25
255 2 25
255 3 25
255 4 25
255 5 25
255 6 25
255 7 25
255 8 25
255 9 25
255 10 25
255 11 25
255 12 25
255 13 25
255 14 25
255 15 25
255 16 25
255 17 25
255 18 25
255 19 25
255 20 25
255 21 25
255 22 25
255 23 25
255 24 25
256 1 6
256 2 6
256 3 2
256 4 4
256 5 6
256 6 2
256 7 7
256 8 1
256 9 7
256 10 3
256 11 6
256 12 2
256 13 8
257 1 2
257 2 5
257 3 1
257 4 3
257 5 2
257 6 4
257 7 3
258 1 27
258 2 27
258 3 27
258 4 27
258 5 27
258 6 27
258 7 27
258 8 27
258 9 27
258 10 27
258 11 27
258 12 27
258 13 27
258 14 27
258 15 27
258 16 27
258 17 27
258 18 27
258 19 27
258 20 27
258 21 27
258 22 27
258 23 27
258 24 27
258 25 27
258 26 27
259 1 20
259 2 20
259 3 20
259 4 20
259 5 20
259 6 20
259 7 20
259 8 20
259 9 20
259 10 20
259 11 20
259 12 20
259 13 20
259 14 20
259 15 20
259 16 20
259 17 20
259 18 20
259 19 20
259 20 20
259 21 20
259 22 20
259 23 20
260 1 25
260 2 25
260 3 25
260 4 25
260 5 25
260 6 25
260 7 25
260 8 25
260 9 25
260 10 25
260 11 25
260 12 25
260 13 25
260 14 25
260 15 25
260 16 25
260 17 25
260 18 25
260 19 25
260 20 25
260 21 25
260 22 25
261 1 4
261 2 2
261 3 3
261 4 2
261 5 4
261 6 9
261 7 3
261 8 7
261 9 7
261 10 9
261 11 5
262 1 4
262 2 6
262 3 5
262 4 5
262 5 2
263 1 7
263 2 11
263 3 9
263 4 9
263 5 1
263 6 1
263 7 1
263 8 1
263 9 12
263 10 4
263 11 9
263 12 11
263 13 12
263 14 5
263 15 7
263 16 5
263 17 4
263 18 5
263 19 4
263 20 3
263 21 12
263 22 12
263 23 10
263 24 9
263 25 11
264 1 11
264 2 8
264 3 4
264 4 9
264 5 13
264 6 4
264 7 7
264 8 14
264 9 11
264 10 10
264 11 13
264 12 7
264 13 13
264 14 4
264 15 4
264 16 10
264 17 4
265 1 22
265 2 22
265 3 22
265 4 22
265 5 22
265 6 22
265 7 22
265 8 22
265 9 22
265 10 22
265 11 22
265 12 22
265 13 22
265 14 22
265 15 22
265 16 22
265 17 22
265 18 22
265 19 22
265 20 22
265 21 22
266 1 1
266 2 6
266 3 18
266 4 13
266 5 12
266 6 8
266 7 15
266 8 16
266 9 15
266 10 20
266 11 10
266 12 15
266 13 8
266 14 19
266 15 19
266 16 17
266 17 6
266 18 7
266 19 12
266 20 8
266 21 11
266 22 18
266 23 19
266 24 3
267 1 20
267 2 19
267 3 16
267 4 18
267 5 10
267 6 16
267 7 4
267 8 6
267 9 7
267 10 4
267 11 17
267 12 15
267 13 18
267 14 16
267 15 1
267 16 13
267 17 13
267 18 3
267 19 8
267 20 14
267 21 19
267 22 4
267 23 16
267 24 11
267 25 3
267 26 15
268 1 16
268 2 2
268 3 8
268 4 12
268 5 21
268 6 8
268 7 7
268 8 22
268 9 19
268 10 9
268 11 21
268 12 16
268 13 4
268 14 1
268 15 4
268 16 16
268 17 12
268 18 4
268 19 19
268 20 20
268 21 17
268 22 19
268 23 16
268 24 8
268 25 1
268 26 6
268 27 13
269 1 20
269 2 20
269 3 20
269 4 20
269 5 20
269 6 20
269 7 20
269 8 20
269 9 20
269 10 20
269 11 20
269 12 20
269 13 20
269 14 20
269 15 20
269 16 20
269 17 20
269 18 20
269 19 20
269 20 20
270 1 17
270 2 17
270 3 17
270 4 17
270 5 17
270 6 17
270 7 17
270 8 17
270 9 17
270 10 17
270 11 17
270 12 17
270 13 17
270 14 17
270 15 17
270 16 17
270 17 17
270 18 17
271 1 11
271 2 11
271 3 11
271 4 11
271 5 11
271 6 11
271 7 11
271 8 11
271 9 11
271 10 11
271 11 11
272 1 23
272 2 23
272 3 23
272 4 23
272 5 23
272 6 23
272 7 23
272 8 23
272 9 23
272 10 23
272 11 23
272 12 23
272 13 23
272 14 23
272 15 23
272 16 23
272 17 23
272 18 23
272 19 23
272 20 23
272 21 23
272 22 23
272 23 23
272 24 23
272 25 23
272 26 23
273 1 11
273 2 11
273 3 11
273 4 11
273 5 11
273 6 11
273 7 11
273 8 11
273 9 11
273 10 11
273 11 11
273 12 11
274 1 23
274 2 23
274 3 23
274 4 23
274 5 23
274 6 23
274 7 23
274 8 23
274 9 23
274 10 23
274 11 23
274 12 23
274 13 23
274 14 23
274 15 23
274 16 23
274 17 23
274 18 23
274 19 23
274 20 23
274 21 23
274 22 23
274 23 23
274 24 23
274 25 23
274 26 23
274 27 23
274 28 23
274 29 23
274 30 23
275 1 29
275 2 29
275 3 29
275 4 29
275 5 29
275 6 29
275 7 29
275 8 29
275 9 29
275 10 29
275 11 29
275 12 29
275 13 29
275 14 29
275 15 29
275 16 29
275 17 29
275 18 29
275 19 29
275 20 29
275 21 29
275 22 29
276 1 6
276 2 10
276 3 17
276 4 2
276 5 13
276 6 13
276 7 16
276 8 8
276 9 10
276 10 14
276 11 11
276 12 5
276 13 13
276 14 9
276 15 18
276 16 15
276 17 18
276 18 4
276 19 4
276 20 1
276 21 12
276 22 17
276 23 16
277 1 7
277 2 14
277 3 17
277 4 15
277 5 3
277 6 17
277 7 4
277 8 2
277 9 12
277 10 16
277 11 15
277 12 1
277 13 6
277 14 16
277 15 3
277 16 8
277 17 10
277 18 3
277 19 12
277 20 9
277 21 5
278 1 19
278 2 19
278 3 19
278 4 19
278 5 19
278 6 19
278 7 19
278 8 19
278 9 19
278 10 19
278 11 19
278 12 19
278 13 19
278 14 19
278 15 19
278 16 19
278 17 19
278 18 19
278 19 19
278 20 19
278 21 19
278 22 19
278 23 19
278 24 19
279 1 23
279 2 23
279 3 23
279 4 23
279 5 23
279 6 23
279 7 23
279 8 23
279 9 23
279 10 23
279 11 23
279 12 23
279 13 23
279 14 23
279 15 23
279 16 23
279 17 23
279 18 23
279 19 23
279 20 23
279 21 23
279 22 23
279 23 23
279 24 23
279 25 23
279 26 23
279 27 23
279 28 23
279 29 23
280 1 10
280 2 12
280 3 8
280 4 9
280 5 11
280 6 12
280 7 6
280 8 12
280 9 2
280 10 4
280 11 8
280 12 11
280 13 10
281 1 3
281 2 15
281 3 15
281 4 9
281 5 22
281 6 4
281 7 19
281 8 1
281 9 10
281 10 11
281 11 21
281 12 5
281 13 7
281 14 19
281 15 17
281 16 7
281 17 25
281 18 24
281 19 25
281 20 7
281 21 27
281 22 16
281 23 23
281 24 24
281 25 18
282 1 6
282 2 3
282 3 2
282 4 1
282 5 5
282 6 1
283 1 24
283 2 24
283 3 24
283 4 24
283 5 24
283 6 24
283 7 24
283 8 24
283 9 24
283 10 24
283 11 24
283 12 24
283 13 24
283 14 24
283 15 24
283 16 24
283 17 24
283 18 24
283 19 24
283 20 24
283 21 24
283 22 24
283 23 24
283 24 24
283 25 24
283 26 24
283 27 24
284 1 2
284 2 6
284 3 4
284 4 4
284 5 4
284 6 2
284 7 1
284 8 4
285 1 17
285 2 17
285 3 17
285 4 17
285 5 17
285 6 17
285 7 17
285 8 17
285 9 17
285 10 17
285 11 17
285 12 17
285 13 17
285 14 17
285 15 17
285 16 17
285 17 17
285 18 17
285 19 17
286 1 8
286 2 18
286 3 12
286 4 11
286 5 9
286 6 17
286 7 17
286 8 6
286 9 16
286 10 9
286 11 9
286 12 8
286 13 7
286 14 17
286 15 15
287 1 27
287 2 27
287 3 27
287 4 27
287 5 27
287 6 27
287 7 27
287 8 27
287 9 27
287 10 27
287 11 27
287 12 27
287 13 27
287 14 27
287 15 27
287 16 27
287 17 27
287 18 27
287 19 27
287 20 27
287 21 27
288 1 8
288 2 1
288 3 13
288 4 4
288 5 9
288 6 17
288 7 1
288 8 16
288 9 14
288 10 13
288 11 16
288 12 14
288 13 16
288 14 11
288 15 11
288 16 11
288 17 13
288 18 17
289 1 18
289 2 3
289 3 14
289 4 4
289 5 1
289 6 10
289 7 9
289 8 10
289 9 1
289 10 7
289 11 14
289 12 8
289 13 1
289 14 4
289 15 11
289 16 4
289 17 12
289 18 18
289 19 7
289 20 7
289 21 5
289 22 3
289 23 17
290 1 30
290 2 30
290 3 30
290 4 30
290 5 30
290 6 30
290 7 30
290 8 30
290 9 30
290 10 30
290 11 30
290 12 30
290 13 30
290 14 30
290 15 30
290 16 30
290 17 30
290 18 30
290 19 30
290 20 30
290 21 30
290 22 30
290 23 30
290 24 30
290 25 30
290 26 30
291 1 8
291 2 10
291 3 7
291 4 7
291 5 17
291 6 7
291 7 1
291 8 5
291 9 10
291 10 8
291 11 13
291 12 8
291 13 2
291 14 16
291 15 14
291 16 3
291 17 9
291 18 11
291 19 14
291 20 4
291 21 8
291 22 14
291 23 17
291 24 9
292 1 13
292 2 13
292 3 13
292 4 13
292 5 13
292 6 13
292 7 13
292 8 13
292 9 13
292 10 13
292 11 13
292 12 13
292 13 13
292 14 13
292 15 13
293 1 22
293 2 22
293 3 22
293 4 22
293 5 22
293 6 22
293 7 22
293 8 22
293 9 22
293 10 22
293 11 22
293 12 22
293 13 22
293 14 22
293 15 22
293 16 22
293 17 22
293 18 22
293 19 22
293 20 22
293 21 22
293 22 22
294 1 3
294 2 4
294 3 7
294 4 1
294 5 2
294 6 4
294 7 5
294 8 2
294 9 4
294 10 7
294 11 8
295 1 3
295 2 2
295 3 5
295 4 1
295 5 5
295 6 7
295 7 8
295 8 5
295 9 3
295 10 1
295 11 3
295 12 1
296 1 1
296 2 11
296 3 4
296 4 12
296 5 10
296 6 7
296 7 15
296 8 10
296 9 9
296 10 9
296 11 13
296 12 4
296 13 15
296 14 2
296 15 12
296 16 10
296 17 11
296 18 15
297 1 10
297 2 10
297 3 10
297 4 10
297 5 10
297 6 10
297 7 10
297 8 10
297 9 10
297 10 10
298 1 4
298 2 9
298 3 3
298 4 4
298 5 4
298 6 5
298 7 8
298 8 7
298 9 9
298 10 2
299 1 7
299 2 8
299 3 4
299 4 7
299 5 9
299 6 5
299 7 4
299 8 1
300 1 7
300 2 7
300 3 7
300 4 7
300 5 7
300 6 7
300 7 7
300 8 7
300 9 7
300 10 7
301 1 14
301 2 14
301 3 14
301 4 14
301 5 14
301 6 14
301 7 14
301 8 14
301 9 14
301 10 14
301 11 14
301 12 14
301 13 14
301 14 14
301 15 14
301 16 14
301 17 14
301 18 14
301 19 14
301 20 14
301 21 14
301 22 14
301 23 14
302 1 12
302 2 12
302 3 12
302 4 12
302 5 12
302 6 12
302 7 12
302 8 12
302 9 12
302 10 12
302 11 12
302 12 12
302 13 12
302 14 12
302 15 12
303 1 19
303 2 14
303 3 2
303 4 11
303 5 7
303 6 9
303 7 5
303 8 22
303 9 19
303 10 8
303 11 19
303 12 9
303 13 15
303 14 13
303 15 4
303 16 2
303 17 21
303 18 7
304 1 21
304 2 21
304 3 21
304 4 21
304 5 21
304 6 21
304 7 21
304 8 21
304 9 21
304 10 21
304 11 21
304 12 21
304 13 21
304 14 21
304 15 21
304 16 21
304 17 21
304 18 21
304 19 21
304 20 21
304 21 21
304 22 21
304 23 21
304 24 21
304 25 21
305 1 7
305 2 7
305 3 7
305 4 7
305 5 7
305 6 7
305 7 7
305 8 7
305 9 7
306 1 12
306 2 12
306 3 12
306 4 12
306 5 12
306 6 12
306 7 12
306 8 12
306 9 12
306 10 12
306 11 12
306 12 12
306 13 12
306 14 12
307 1 14
307 2 14
307 3 14
307 4 14
307 5 14
307 6 14
307 7 14
307 8 14
307 9 14
307 10 14
307 11 14
307 12 14
307 13 14
307 14 14
307 15 14
307 16 14
307 17 14
308 1 1
308 2 4
308 3 4
308 4 4
308 5 5
309 1 4
309 2 4
309 3 4
309 4 4
309 5 2
310 1 16
310 2 16
310 3 16
310 4 16
310 5 16
310 6 16
310 7 16
310 8 16
310 9 16
310 10 16
310 11 16
310 12 16
310 13 16
310 14 16
310 15 16
311 1 2
311 2 10
311 3 2
311 4 6
311 5 5
311 6 5
311 7 6
311 8 2
311 9 7
311 10 9
311 11 11
311 12 5
311 13 10
311 14 4
311 15 7
311 16 8
312 1 2
312 2 7
312 3 7
312 4 9
312 5 9
312 6 7
312 7 8
313 1 19
313 2 19
313 3 19
313 4 19
313 5 19
313 6 19
313 7 19
313 8 19
313 9 19
313 10 19
313 11 19
313 12 19
313 13 19
313 14 19
313 15 19
313 16 19
313 17 19
313 18 19
313 19 19
313 20 19
314 1 17
314 2 17
314 3 17
314 4 17
314 5 17
314 6 17
314 7 17
314 8 17
314 9 17
314 10 17
314 11 17
314 12 17
314 13 17
314 14 17
314 15 17
315 1 3
315 2 5
315 3 2
315 4 17
315 5 12
315 6 16
315 7 10
315 8 2
315 9 8
315 10 13
315 11 13
315 12 4
315 13 4
315 14 8
315 15 11
315 16 4
315 17 16
315 18 5
315 19 8
315 20 18
315 21 17
315 22 9
316 1 20
316 2 20
316 3 20
316 4 20
316 5 20
316 6 20
316 7 20
316 8 20
316 9 20
316 10 20
316 11 20
316 12 20
316 13 20
316 14 20
316 15 20
316 16 20
316 17 20
316 18 20
316 19 20
316 20 20
316 21 20
316 22 20
316 23 20
316 24 20
317 1 15
317 2 15
317 3 15
317 4 15
317 5 15
317 6 15
317 7 15
317 8 15
317 9 15
317 10 15
317 11 15
317 12 15
317 13 15
317 14 15
318 1 20
318 2 20
318 3 20
318 4 20
318 5 20
318 6 20
318 7 20
318 8 20
318 9 20
318 10 20
318 11 20
318 12 20
318 13 20
318 14 20
318 15 20
318 16 20
318 17 20
318 18 20
319 1 7
319 2 7
319 3 7
319 4 7
319 5 7
319 6 7
319 7 7
319 8 7
320 1 4
320 2 2
320 3 13
320 4 2
320 5 20
320 6 4
320 7 9
320 8 6
320 9 20
320 10 6
320 11 17
320 12 6
320 13 19
320 14 20
320 15 4
320 16 11
320 17 5
320 18 20
320 19 17
320 20 9
320 21 16
321 1 12
321 2 19
321 3 9
321 4 17
321 5 7
321 6 12
321 7 25
321 8 15
321 9 5
321 10 7
321 11 21
321 12 27
321 13 13
321 14 13
321 15 5
321 16 16
321 17 5
321 18 5
321 19 18
321 20 14
321 21 27
321 22 12
321 23 13
321 24 27
321 25 23
321 26 22
321 27 24
321 28 18
321 29 8
321 30 6
322 1 27
322 2 27
322 3 27
322 4 27
322 5 27
322 6 27
322 7 27
322 8 27
322 9 27
322 10 27
322 11 27
322 12 27
322 13 27
322 14 27
322 15 27
322 16 27
322 17 27
322 18 27
322 19 27
322 20 27
322 21 27
322 22 27
322 23 27
323 1 26
323 2 26
323 3 26
323 4 26
323 5 26
323 6 26
323 7 26
323 8 26
323 9 26
323 10 26
323 11 26
323 12 26
323 13 26
323 14 26
323 15 26
323 16 26
323 17 26
323 18 26
323 19 26
323 20 26
323 21 26
323 22 26
323 23 26
323 24 26
323 25 26
323 26 26
323 27 26
323 28 26
323 29 26
323 30 26
324 1 11
324 2 11
324 3 11
324 4 11
324 5 11
324 6 11
324 7 11
324 8 11
324 9 11
324 10 11
324 11 11
324 12 11
324 13 11
324 14 11
324 15 11
325 1 14
325 2 2
325 3 11
325 4 15
325 5 17
325 6 9
325 7 2
325 8 4
325 9 3
325 10 15
325 11 12
325 12 12
325 13 7
325 14 7
325 15 1
325 16 15
325 17 2
325 18 1
325 19 11
325 20 3
325 21 16
325 22 2
325 23 13
325 24 16
325 25 16
325 26 12
325 27 10
326 1 19
326 2 19
326 3 19
326 4 19
326 5 19
326 6 19
326 7 19
326 8 19
326 9 19
326 10 19
326 11 19
326 12 19
326 13 19
326 14 19
327 1 18
327 2 18
327 3 18
327 4 18
327 5 18
327 6 18
327 7 18
327 8 18
327 9 18
327 10 18
327 11 18
327 12 18
327 13 18
327 14 18
327 15 18
327 16 18
327 17 18
327 18 18
327 19 18
327 20 18
327 21 18
327 22 18
327 23 18
327 24 18
327 25 18
327 26 18
327 27 18
327 28 18
328 1 13
328 2 7
328 3 14
328 4 7
328 5 14
328 6 14
328 7 1
328 8 6
328 9 12
328 10 11
328 11 11
328 12 4
328 13 3
328 14 7
328 15 4
328 16 14
328 17 2
328 18 2
328 19 2
328 20 14
328 21 9
329 1 5
329 2 3
329 3 5
329 4 4
329 5 5
329 6 5
329 7 6
329 8 2
329 9 4
329 10 7
330 1 4
330 2 10
330 3 3
330 4 9
330 5 6
330 6 2
330 7 9
330 8 10
330 9 9
330 10 8
330 11 5
330 12 2
330 13 8
330 14 1
330 15 9
330 16 10
330 17 1
331 1 22
331 2 22
331 3 22
331 4 22
331 5 22
331 6 22
331 7 22
331 8 22
331 9 22
331 10 22
331 11 22
331 12 22
331 13 22
331 14 22
331 15 22
331 16 22
331 17 22
331 18 22
331 19 22
331 20 22
331 21 22
331 22 22
331 23 22
331 24 22
331 25 22
331 26 22
331 27 22
332 1 3
332 2 5
332 3 4
332 4 3
332 5 4
332 6 5
332 7 4
332 8 6
333 1 11
333 2 11
333 3 11
333 4 11
333 5 11
333 6 11
333 7 11
333 8 11
333 9 11
333 10 11
334 1 20
334 2 2
334 3 1
334 4 10
334 5 8
334 6 19
334 7 11
334 8 19
334 9 5
334 10 15
334 11 19
334 12 2
334 13 3
334 14 3
334 15 15
334 16 4
334 17 20
334 18 13
335 1 11
335 2 9
335 3 4
335 4 3
335 5 16
335 6 6
335 7 2
335 8 4
335 9 16
335 10 8
335 11 6
335 12 11
335 13 11
335 14 15
335 15 13
335 16 14
336 1 15
336 2 15
336 3 15
336 4 15
336 5 15
336 6 15
336 7 15
336 8 15
336 9 15
336 10 15
336 11 15
336 12 15
336 13 15
336 14 15
336 15 15
337 1 3
337 2 1
337 3 4
337 4 9
337 5 3
337 6 10
337 7 6
337 8 11
337 9 3
337 10 8
338 1 18
338 2 18
338 3 18
338 4 18
338 5 18
338 6 18
338 7 18
338 8 18
338 9 18
338 10 18
338 11 18
338 12 18
338 13 18
338 14 18
338 15 18
338 16 18
338 17 18
338 18 18
338 19 18
338 20 18
338 21 18
339 1 15
339 2 11
339 3 4
339 4 4
339 5 15
339 6 6
339 7 7
339 8 23
339 9 1
339 10 14
339 11 16
339 12 15
339 13 18
339 14 22
339 15 20
339 16 2
339 17 22
339 18 13
339 19 18
339 20 23
339 21 17
339 22 1
339 23 20
340 1 21
340 2 21
340 3 21
340 4 21
340 5 21
340 6 21
340 7 21
340 8 21
340 9 21
340 10 21
340 11 21
340 12 21
340 13 21
340 14 21
340 15 21
340 16 21
340 17 21
340 18 21
340 19 21
340 20 21
340 21 21
340 22 21
340 23 21
340 24 21
340 25 21
341 1 8
341 2 4
341 3 4
341 4 7
341 5 4
341 6 2
342 1 20
342 2 20
342 3 20
342 4 20
342 5 20
342 6 20
342 7 20
342 8 20
342 9 20
342 10 20
342 11 20
342 12 20
342 13 20
342 14 20
342 15 20
342 16 20
342 17 20
342 18 20
342 19 20
343 1 4
343 2 2
343 3 1
343 4 6
343 5 6
343 6 4
343 7 2
343 8 4
343 9 3
344 1 3
344 2 1
344 3 4
344 4 2
344 5 4
344 6 5
344 7 5
344 8 4
344 9 2
345 1 1
345 2 1
345 3 1
345 4 2
346 1 22
346 2 22
346 3 22
346 4 22
346 5 22
346 6 22
346 7 22
346 8 22
346 9 22
346 10 22
346 11 22
346 12 22
346 13 22
346 14 22
346 15 22
346 16 22
346 17 22
346 18 22
346 19 22
346 20 22
346 21 22
346 22 22
346 23 22
346 24 22
346 25 22
346 26 22
346 27 22
346 28 22
346 29 22
347 1 11
347 2 11
347 3 11
347 4 11
347 5 11
347 6 11
347 7 11
347 8 11
348 1 18
348 2 18
348 3 18
348 4 18
348 5 18
348 6 18
348 7 18
348 8 18
348 9 18
348 10 18
348 11 18
348 12 18
348 13 18
348 14 18
348 15 18
348 16 18
348 17 18
348 18 18
348 19 18
348 20 18
348 21 18
348 22 18
349 1 15
349 2 15
349 3 15
349 4 15
349 5 15
349 6 15
349 7 15
349 8 15
349 9 15
350 1 23
350 2 23
350 3 23
350 4 23
350 5 23
350 6 23
350 7 23
350 8 23
350 9 23
350 10 23
350 11 23
350 12 23
350 13 23
350 14 23
350 15 23
350 16 23
350 17 23
350 18 23
350 19 23
350 20 23
350 21 23
350 22 23
350 23 23
350 24 23
350 25 23
350 26 23
350 27 23
350 28 23
351 1 29
351 2 29
351 3 29
351 4 29
351 5 29
351 6 29
351 7 29
351 8 29
351 9 29
351 10 29
351 11 29
351 12 29
351 13 29
351 14 29
351 15 29
351 16 29
351 17 29
351 18 29
351 19 29
351 20 29
351 21 29
351 22 29
351 23 29
351 24 29
351 25 29
351 26 29
352 1 8
352 2 8
352 3 8
352 4 8
352 5 8
352 6 8
353 1 18
353 2 18
353 3 18
353 4 18
353 5 18
353 6 18
353 7 18
353 8 18
353 9 18
353 10 18
353 11 18
353 12 18
353 13 18
353 14 18
353 15 18
353 16 18
353 17 18
353 18 18
353 19 18
353 20 18
353 21 18
353 22 18
354 1 18
354 2 18
354 3 18
354 4 18
354 5 18
354 6 18
354 7 18
354 8 18
354 9 18
354 10 18
354 11 18
354 12 18
354 13 18
354 14 18
355 1 4
355 2 4
355 3 1
355 4 3
355 5 2
355 6 1
355 7 7
355 8 7
356 1 16
356 2 16
356 3 16
356 4 16
356 5 16
356 6 16
356 7 16
356 8 16
356 9 16
356 10 16
356 11 16
356 12 16
356 13 16
356 14 16
356 15 16
356 16 16
356 17 16
356 18 16
356 19 16
356 20 16
356 21 16
357 1 5
357 2 8
357 3 7
357 4 12
357 5 2
357 6 7
357 7 2
357 8 1
357 9 11
357 10 3
357 11 3
357 12 1
357 13 6
357 14 11
357 15 13
357 16 8
358 1 17
358 2 17
358 3 17
358 4 17
358 5 17
358 6 17
358 7 17
358 8 17
358 9 17
358 10 17
358 11 17
358 12 17
358 13 17
358 14 17
358 15 17
358 16 17
358 17 17
358 18 17
358 19 17
358 20 17
359 1 19
359 2 19
359 3 19
359 4 19
359 5 19
359 6 19
359 7 19
359 8 19
359 9 19
359 10 19
359 11 19
359 12 19
359 13 19
359 14 19
359 15 19
359 16 19
359 17 19
359 18 19
359 19 19
359 20 19
359 21 19
359 22 19
359 23 19
359 24 19
359 25 19
359 26 19
359 27 19
359 28 19
359 29 19
360 1 22
360 2 22
360 3 22
360 4 22
360 5 22
360 6 22
360 7 22
360 8 22
360 9 22
360 10 22
360 11 22
360 12 22
360 13 22
360 14 22
360 15 22
360 16 22
361 1 6
361 2 9
361 3 6
361 4 9
361 5 8
361 6 14
361 7 8
361 8 7
361 9 8
361 10 12
361 11 7
361 12 2
361 13 13
361 14 4
361 15 6
361 16 4
361 17 12
362 1 22
362 2 22
362 3 22
362 4 22
362 5 22
362 6 22
362 7 22
362 8 22
362 9 22
362 10 22
362 11 22
362 12 22
362 13 22
362 14 22
362 15 22
362 16 22
362 17 22
362 18 22
362 19 22
362 20 22
362 21 22
362 22 22
362 23 22
362 24 22
362 25 22
362 26 22
362 27 22
362 28 22
362 29 22
363 1 15
363 2 15
363 3 15
363 4 15
363 5 15
363 6 15
363 7 15
363 8 15
363 9 15
363 10 15
363 11 15
363 12 15
363 13 15
363 14 15
364 1 7
364 2 3
364 3 4
364 4 5
364 5 6
364 6 3
364 7 6
364 8 10
365 1 10
365 2 3
365 3 9
365 4 1
365 5 10
365 6 4
365 7 7
365 8 9
365 9 7
365 10 4
365 11 6
365 12 1
366 1 14
366 2 14
366 3 14
366 4 14
366 5 14
366 6 14
366 7 14
366 8 14
366 9 14
366 10 14
366 11 14
366 12 14
366 13 14
366 14 14
366 15 14
367 1 8
367 2 8
367 3 8
367 4 8
367 5 8
367 6 8
367 7 8
367 8 8
368 1 2
368 2 8
368 3 6
368 4 1
368 5 5
368 6 3
368 7 1
368 8 5
368 9 7
368 10 8
368 11 3
368 12 7
368 13 6
368 14 7
368 15 7
369 1 14
369 2 9
369 3 1
369 4 11
369 5 1
369 6 16
369 7 11
369 8 8
369 9 9
369 10 2
369 11 16
369 12 10
369 13 9
369 14 4
369 15 9
369 16 1
369 17 10
369 18 12
369 19 11
369 20 13
369 21 16
369 22 6
370 1 11
370 2 11
370 3 11
370 4 11
370 5 11
370 6 11
370 7 11
370 8 11
370 9 11
370 10 11
370 11 11
371 1 9
371 2 9
371 3 9
371 4 9
371 5 9
371 6 9
371 7 9
371 8 9
371 9 9
371 10 9
371 11 9
371 12 9
371 13 9
372 1 2
372 2 2
373 1 1
373 2 3
373 3 3
373 4 2
373 5 7
373 6 2
373 7 7
373 8 8
373 9 1
373 10 6
374 1 17
374 2 17
374 3 17
374 4 17
374 5 17
374 6 17
374 7 17
374 8 17
374 9 17
374 10 17
374 11 17
374 12 17
374 13 17
374 14 17
374 15 17
374 16 17
374 17 17
374 18 17
374 19 17
374 20 17
374 21 17
374 22 17
374 23 17
375 1 28
375 2 28
375 3 28
375 4 28
375 5 28
375 6 28
375 7 28
375 8 28
375 9 28
375 10 28
375 11 28
375 12 28
375 13 28
375 14 28
375 15 28
375 16 28
375 17 28
375 18 28
375 19 28
375 20 28
375 21 28
375 22 28
375 23 28
375 24 28
375 25 28
375 26 28
375 27 28
375 28 28
376 1 17
376 2 17
376 3 17
376 4 17
376 5 17
376 6 17
376 7 17
376 8 17
376 9 17
376 10 17
376 11 17
376 12 17
376 13 17
376 14 17
376 15 17
376 16 17
376 17 17
376 18 17
376 19 17
376 20 17
376 21 17
376 22 17
377 1 3
377 2 9
377 3 6
377 4 10
377 5 11
377 6 3
377 7 12
377 8 4
377 9 3
377 10 6
377 11 5
377 12 8
377 13 1
377 14 9
377 15 2
377 16 12
377 17 13
378 1 7
378 2 1
378 3 2
378 4 1
378 5 7
378 6 5
378 7 5
378 8 4
378 9 4
379 1 3
379 2 5
379 3 5
379 4 1
379 5 4
379 6 4
379 7 3
379 8 6
380 1 24
380 2 24
380 3 24
380 4 24
380 5 24
380 6 24
380 7 24
380 8 24
380 9 24
380 10 24
380 11 24
380 12 24
380 13 24
380 14 24
380 15 24
380 16 24
380 17 24
380 18 24
380 19 24
380 20 24
380 21 24
380 22 24
380 23 24
380 24 24
381 1 23
381 2 23
381 3 23
381 4 23
381 5 23
381 6 23
381 7 23
381 8 23
381 9 23
381 10 23
381 11 23
381 12 23
381 13 23
381 14 23
381 15 23
381 16 23
381 17 23
381 18 23
381 19 23
381 20 23
382 1 13
382 2 13
382 3 13
382 4 13
382 5 13
382 6 13
382 7 13
382 8 13
382 9 13
382 10 13
382 11 13
382 12 13
382 13 13
382 14 13
382 15 13
382 16 13
383 1 10
383 2 10
383 3 3
383 4 7
383 5 9
383 6 5
383 7 7
383 8 8
383 9 1
383 10 3
383 11 5
383 12 7
383 13 5
383 14 7
383 15 11
384 1 12
384 2 9
384 3 2
384 4 8
384 5 12
384 6 2
384 7 8
384 8 7
384 9 8
384 10 6
384 11 3
384 12 5
384 13 9
384 14 7
384 15 9
384 16 4
385 1 8
385 2 1
385 3 8
385 4 6
385 5 4
385 6 3
385 7 6
385 8 2
385 9 3
385 10 3
386 1 2
386 2 2
386 3 4
386 4 2
386 5 1
386 6 2
386 7 3
387 1 28
387 2 28
387 3 28
387 4 28
387 5 28
387 6 28
387 7 28
387 8 28
387 9 28
387 10 28
387 11 28
387 12 28
387 13 28
387 14 28
387 15 28
387 16 28
387 17 28
387 18 28
387 19 28
387 20 28
387 21 28
387 22 28
387 23 28
387 24 28
387 25 28
387 26 28
387 27 28
388 1 4
388 2 2
388 3 8
388 4 1
388 5 16
388 6 12
388 7 6
388 8 16
388 9 9
388 10 13
388 11 12
388 12 8
388 13 21
388 14 16
388 15 10
388 16 11
388 17 6
388 18 20
388 19 12
388 20 15
388 21 6
388 22 11
388 23 11
388 24 12
388 25 11
388 26 13
388 27 19
388 28 7
389 1 17
389 2 17
389 3 17
389 4 17
389 5 17
389 6 17
389 7 17
389 8 17
389 9 17
389 10 17
389 11 17
389 12 17
389 13 17
389 14 17
389 15 17
389 16 17
389 17 17
389 18 17
389 19 17
389 20 17
389 21 17
389 22 17
390 1 20
390 2 20
390 3 20
390 4 20
390 5 20
390 6 20
390 7 20
390 8 20
390 9 20
390 10 20
390 11 20
390 12 20
390 13 20
390 14 20
390 15 20
390 16 20
390 17 20
390 18 20
390 19 20
390 20 20
390 21 20
391 1 20
391 2 20
391 3 20
391 4 20
391 5 20
391 6 20
391 7 20
391 8 20
391 9 20
391 10 20
391 11 20
391 12 20
391 13 20
391 14 20
391 15 20
391 16 20
391 17 20
391 18 20
391 19 20
391 20 20
391 21 20
391 22 20
391 23 20
391 24 20
391 25 20
391 26 20
391 27 20
391 28 20
391 29 20
392 1 1
392 2 3
392 3 6
392 4 13
392 5 5
392 6 7
392 7 8
392 8 6
392 9 5
392 10 4
392 11 12
392 12 7
392 13 3
392 14 6
392 15 13
392 16 5
393 1 9
393 2 2
393 3 3
393 4 4
393 5 9
393 6 7
393 7 11
393 8 13
393 9 2
393 10 8
393 11 5
393 12 12
393 13 15
393 14 7
393 15 5
393 16 12
393 17 2
393 18 7
393 19 13
393 20 11
394 1 4
394 2 1
394 3 1
394 4 8
394 5 9
394 6 10
394 7 11
394 8 9
394 9 3
394 10 3
394 11 3
394 12 7
394 13 11
394 14 5
394 15 1
394 16 4
394 17 8
394 18 8
394 19 1
394 20 5
394 21 10
395 1 30
395 2 30
395 3 30
395 4 30
395 5 30
395 6 30
395 7 30
395 8 30
395 9 30
395 10 30
395 11 30
395 12 30
395 13 30
395 14 30
395 15 30
395 16 30
395 17 30
395 18 30
395 19 30
395 20 30
395 21 30
395 22 30
395 23 30
395 24 30
395 25 30
396 1 18
396 2 18
396 3 18
396 4 18
396 5 18
396 6 18
396 7 18
396 8 18
396 9 18
396 10 18
396 11 18
396 12 18
396 13 18
396 14 18
396 15 18
396 16 18
396 17 18
396 18 18
396 19 18
396 20 18
396 21 18
396 22 18
396 23 18
396 24 18
396 25 18
396 26 18
396 27 18
396 28 18
396 29 18
397 1 11
397 2 11
397 3 11
397 4 11
397 5 11
397 6 11
397 7 11
397 8 11
397 9 11
398 1 14
398 2 14
398 3 14
398 4 14
398 5 14
398 6 14
398 7 14
398 8 14
398 9 14
398 10 14
398 11 14
398 12 14
398 13 14
398 14 14
398 15 14
398 16 14
399 1 1
399 2 3
399 3 2
399 4 3
399 5 6
399 6 2
399 7 6
399 8 5
399 9 6
399 10 2
399 11 3
400 1 22
400 2 1
400 3 9
400 4 19
400 5 25
400 6 28
400 7 25
400 8 9
400 9 3
400 10 6
400 11 17
400 12 11
400 13 11
400 14 13
400 15 19
400 16 16
400 17 19
400 18 17
400 19 12
400 20 23
400 21 9
400 22 2
400 23 20
400 24 9
400 25 8
400 26 5
400 27 2
400 28 12
400 29 20
401 1 4
401 2 4
401 3 6
401 4 2
401 5 7
401 6 6
401 7 2
401 8 6
401 9 7
401 10 5
401 11 3
401 12 6
401 13 2
402 1 21
402 2 21
402 3 21
402 4 21
402 5 21
402 6 21
402 7 21
402 8 21
402 9 21
402 10 21
402 11 21
402 12 21
402 13 21
402 14 21
402 15 21
402 16 21
402 17 21
402 18 21
402 19 21
402 20 21
402 21 21
402 22 21
402 23 21
402 24 21
402 25 21
402 26 21
403 1 12
403 2 12
403 3 12
403 4 12
403 5 12
403 6 12
403 7 12
403 8 12
403 9 12
403 10 12
403 11 12
403 12 12
403 13 12
403 14 12
404 1 7
404 2 4
404 3 6
404 4 9
404 5 5
404 6 10
404 7 11
404 8 12
404 9 8
404 10 9
404 11 11
404 12 9
404 13 10
404 14 12
404 15 12
404 16 8
404 17 5
405 1 7
405 2 3
405 3 5
405 4 2
405 5 5
405 6 5
405 7 2
405 8 1
405 9 3
406 1 17
406 2 17
406 3 17
406 4 17
406 5 17
406 6 17
406 7 17
406 8 17
406 9 17
406 10 17
406 11 17
406 12 17
406 13 17
406 14 17
406 15 17
406 16 17
406 17 17
406 18 17
406 19 17
406 20 17
406 21 17
406 22 17
407 1 4
407 2 4
407 3 4
407 4 4
407 5 4
407 6 4
407 7 4
408 1 1
408 2 7
408 3 7
408 4 5
408 5 6
408 6 6
408 7 3
409 1 16
409 2 2
409 3 3
409 4 18
409 5 4
409 6 16
409 7 11
409 8 11
409 9 13
409 10 11
409 11 18
409 12 19
409 13 9
409 14 19
409 15 14
409 16 8
410 1 23
410 2 23
410 3 23
410 4 23
410 5 23
410 6 23
410 7 23
410 8 23
410 9 23
410 10 23
410 11 23
410 12 23
410 13 23
410 14 23
410 15 23
410 16 23
410 17 23
410 18 23
410 19 23
410 20 23
410 21 23
411 1 19
411 2 16
411 3 21
411 4 17
411 5 9
411 6 23
411 7 20
411 8 7
411 9 14
411 10 13
411 11 20
411 12 10
411 13 11
411 14 19
411 15 24
411 16 12
411 17 14
411 18 23
411 19 13
411 20 15
411 21 20
411 22 4
411 23 1
411 24 22
411 25 14
411 26 2
411 27 14
411 28 8
411 29 1
412 1 16
412 2 16
412 3 16
412 4 16
412 5 16
412 6 16
412 7 16
412 8 16
412 9 16
412 10 16
412 11 16
412 12 16
412 13 16
412 14 16
412 15 16
412 16 16
412 17 16
412 18 16
412 19 16
412 20 16
412 21 16
412 22 16
412 23 16
412 24 16
412 25 16
412 26 16
413 1 24
413 2 24
413 3 24
413 4 24
413 5 24
413 6 24
413 7 24
413 8 24
413 9 24
413 10 24
413 11 24
413 12 24
413 13 24
413 14 24
413 15 24
413 16 24
413 17 24
413 18 24
413 19 24
413 20 24
413 21 24
413 22 24
413 23 24
413 24 24
414 1 12
414 2 12
414 3 12
414 4 12
414 5 12
414 6 12
414 7 12
414 8 12
414 9 12
414 10 12
414 11 12
414 12 12
414 13 12
414 14 12
415 1 18
415 2 18
415 3 18
415 4 18
415 5 18
415 6 18
415 7 18
415 8 18
415 9 18
415 10 18
415 11 18
415 12 18
415 13 18
415 14 18
415 15 18
415 16 18
415 17 18
415 18 18
415 19 18
415 20 18
415 21 18
415 22 18
415 23 18
415 24 18
415 25 18
416 1 17
416 2 17
416 3 17
416 4 17
416 5 17
416 6 17
416 7 17
416 8 17
416 9 17
416 10 17
416 11 17
416 12 17
416 13 17
416 14 17
416 15 17
417 1 20
417 2 11
417 3 11
417 4 6
417 5 26
417 6 9
417 7 25
417 8 15
417 9 9
417 10 25
417 11 21
417 12 1
417 13 10
417 14 3
417 15 3
417 16 11
417 17 21
417 18 7
417 19 26
417 20 19
417 21 21
417 22 24
417 23 14
417 24 19
417 25 18
417 26 14
417 27 22
417 28 24
417 29 22
417 30 5
418 1 23
418 2 23
418 3 23
418 4 23
418 5 23
418 6 23
418 7 23
418 8 23
418 9 23
418 10 23
418 11 23
418 12 23
418 13 23
418 14 23
418 15 23
418 16 23
418 17 23
418 18 23
418 19 23
418 20 23
418 21 23
418 22 23
418 23 23
418 24 23
418 25 23
418 26 23
419 1 1
419 2 7
419 3 3
419 4 20
419 5 12
419 6 4
419 7 12
419 8 4
419 9 9
419 10 14
419 11 19
419 12 20
419 13 17
419 14 13
419 15 15
419 16 9
419 17 1
419 18 7
419 19 21
419 20 18
419 21 8
420 1 12
420 2 12
420 3 12
420 4 12
420 5 12
420 6 12
420 7 12
420 8 12
420 9 12
420 10 12
420 11 12
420 12 12
420 13 12
420 14 12
420 15 12
420 16 12
421 1 23
421 2 23
421 3 23
421 4 23
421 5 23
421 6 23
421 7 23
421 8 23
421 9 23
421 10 23
421 11 23
421 12 23
421 13 23
421 14 23
421 15 23
421 16 23
421 17 23
421 18 23
421 19 23
421 20 23
421 21 23
421 22 23
421 23 23
421 24 23
421 25 23
421 26 23
421 27 23
421 28 23
421 29 23
421 30 23
422 1 14
422 2 7
422 3 4
422 4 4
422 5 6
422 6 4
422 7 8
422 8 11
422 9 2
422 10 5
422 11 13
422 12 12
422 13 8
422 14 1
423 1 1
423 2 8
423 3 2
423 4 1
423 5 13
423 6 8
423 7 3
423 8 12
423 9 8
423 10 7
423 11 9
423 12 9
423 13 10
423 14 11
423 15 11
423 16 7
423 17 3
424 1 1
424 2 3
424 3 2
424 4 1
424 5 3
424 6 7
424 7 7
424 8 7
424 9 6
424 10 5
424 11 7
424 12 4
424 13 3
424 14 5
424 15 6
425 1 27
425 2 27
425 3 27
425 4 27
425 5 27
425 6 27
425 7 27
425 8 27
425 9 27
425 10 27
425 11 27
425 12 27
425 13 27
425 14 27
425 15 27
425 16 27
425 17 27
425 18 27
425 19 27
425 20 27
425 21 27
425 22 27
425 23 27
425 24 27
425 25 27
425 26 27
425 27 27
425 28 27
425 29 27
425 30 27
426 1 21
426 2 21
426 3 21
426 4 21
426 5 21
426 6 21
426 7 21
426 8 21
426 9 21
426 10 21
426 11 21
426 12 21
426 13 21
426 14 21
426 15 21
426 16 21
426 17 21
426 18 21
426 19 21
426 20 21
426 21 21
426 22 21
426 23 21
426 24 21
427 1 20
427 2 20
427 3 20
427 4 20
427 5 20
427 6 20
427 7 20
427 8 20
427 9 20
427 10 20
427 11 20
427 12 20
427 13 20
427 14 20
427 15 20
427 16 20
427 17 20
427 18 20
427 19 20
427 20 20
427 21 20
427 22 20
428 1 6
428 2 6
428 3 6
428 4 6
428 5 6
428 6 6
428 7 6
429 1 17
429 2 17
429 3 17
429 4 17
429 5 17
429 6 17
429 7 17
429 8 17
429 9 17
429 10 17
429 11 17
429 12 17
429 13 17
429 14 17
429 15 17
429 16 17
429 17 17
429 18 17
429 19 17
429 20 17
429 21 17
429 22 17
429 23 17
429 24 17
429 25 17
430 1 11
430 2 12
430 3 4
430 4 12
430 5 3
430 6 1
430 7 12
430 8 5
430 9 7
430 10 2
430 11 3
430 12 9
430 13 2
430 14 10
430 15 9
430 16 9
430 17 2
431 1 1
431 2 4
431 3 1
431 4 7
431 5 5
431 6 12
431 7 15
431 8 15
431 9 11
431 10 8
431 11 11
431 12 5
431 13 15
431 14 11
431 15 12
431 16 13
432 1 10
432 2 10
432 3 10
432 4 10
432 5 10
432 6 10
432 7 10
432 8 10
432 9 10
432 10 10
432 11 10
432 12 10
433 1 1
433 2 4
433 3 1
433 4 1
434 1 1
434 2 12
434 3 7
434 4 16
434 5 2
434 6 16
434 7 7
434 8 12
434 9 6
434 10 14
434 11 16
434 12 7
434 13 7
434 14 6
434 15 4
434 16 12
434 17 15
434 18 10
434 19 15
434 20 6
435 1 22
435 2 20
435 3 13
435 4 11
435 5 15
435 6 23
435 7 4
435 8 23
435 9 11
435 10 1
435 11 20
435 12 3
435 13 20
435 14 13
435 15 16
435 16 17
435 17 10
435 18 20
435 19 18
435 20 13
435 21 21
435 22 18
435 23 13
435 24 19
435 25 22
435 26 17
435 27 4
436 1 17
436 2 4
436 3 9
436 4 9
436 5 15
436 6 5
436 7 10
436 8 7
436 9 8
436 10 21
436 11 21
436 12 21
436 13 1
436 14 9
436 15 18
436 16 21
436 17 13
436 18 17
436 19 13
436 20 5
436 21 16
436 22 19
436 23 19
436 24 13
436 25 10
436 26 3
437 1 17
437 2 17
437 3 17
437 4 17
437 5 17
437 6 17
437 7 17
437 8 17
437 9 17
437 10 17
437 11 17
437 12 17
437 13 17
437 14 17
437 15 17
437 16 17
437 17 17
438 1 1
438 2 8
438 3 2
438 4 15
438 5 4
438 6 6
438 7 6
438 8 14
438 9 1
438 10 9
438 11 10
438 12 12
438 13 12
438 14 12
438 15 12
438 16 17
438 17 16
438 18 12
438 19 11
439 1 14
439 2 14
439 3 14
439 4 14
439 5 14
439 6 14
439 7 14
439 8 14
439 9 14
439 10 14
439 11 14
439 12 14
439 13 14
439 14 14
440 1 16
440 2 16
440 3 16
440 4 16
440 5 16
440 6 16
440 7 16
440 8 16
440 9 16
440 10 16
440 11 16
440 12 16
440 13 16
440 14 16
440 15 16
440 16 16
440 17 16
440 18 16
440 19 16
441 1 27
441 2 27
441 3 27
441 4 27
441 5 27
441 6 27
441 7 27
441 8 27
441 9 27
441 10 27
441 11 27
441 12 27
441 13 27
441 14 27
441 15 27
441 16 27
442 1 19
442 2 19
442 3 19
442 4 19
442 5 19
442 6 19
442 7 19
442 8 19
442 9 19
442 10 19
442 11 19
442 12 19
442 13 19
442 14 19
442 15 19
442 16 19
442 17 19
442 18 19
442 19 19
442 20 19
443 1 1
443 2 11
443 3 2
443 4 3
443 5 10
443 6 8
443 7 1
443 8 6
443 9 13
443 10 5
443 11 6
443 12 14
443 13 15
443 14 5
443 15 5
443 16 14
444 1 29
444 2 29
444 3 29
444 4 29
444 5 29
444 6 29
444 7 29
444 8 29
444 9 29
444 10 29
444 11 29
444 12 29
444 13 29
444 14 29
444 15 29
444 16 29
444 17 29
444 18 29
444 19 29
444 20 29
444 21 29
444 22 29
444 23 29
444 24 29
444 25 29
444 26 29
444 27 29
444 28 29
444 29 29
445 1 26
445 2 26
445 3 26
445 4 26
445 5 26
445 6 26
445 7 26
445 8 26
445 9 26
445 10 26
445 11 26
445 12 26
445 13 26
445 14 26
445 15 26
445 16 26
445 17 26
445 18 26
445 19 26
445 20 26
445 21 26
445 22 26
445 23 26
445 24 26
445 25 26
446 1 5
446 2 9
446 3 4
446 4 3
446 5 2
446 6 1
446 7 4
446 8 6
446 9 3
446 10 5
446 11 3
446 12 1
446 13 6
446 14 5
446 15 5
446 16 6
447 1 1
447 2 5
447 3 6
447 4 5
447 5 4
447 6 6
447 7 6
447 8 5
447 9 4
